idx xloc yloc reus1 reus2 reus3 nonreus servicetime periodic costs(1--3)
0 26.7756 36.4078 3 1 1 697 3.36005 0 0 0 0 0 0 0 0 0 0 
1 37.6768 21.9131 3 1 1 733 4.91072 0 0 0 0 0 0 0 0 0 0 
2 26.3201 22.9537 1 3 3 737 2.38691 61.1877 122.375 183.563 244.751 305.938 367.126 428.314 489.501 550.689 611.877 
3 23.9977 27.3476 2 1 3 490 3.28056 225.034 450.068 675.102 900.135 1125.17 1350.2 1575.24 1800.27 2025.3 2250.34 
4 35.6419 23.8382 3 2 1 684 2.37584 593.987 1187.97 1781.96 2375.95 2969.94 3563.92 4157.91 4751.9 5345.89 5939.87 
5 29.9388 38.6975 1 1 1 418 4.01038 0 0 0 0 0 0 0 0 0 0 
6 24.5894 35.8411 3 1 2 583 2.23076 747.214 1494.43 2241.64 2988.86 3736.07 4483.28 5230.5 5977.71 6724.93 7472.14 
7 29.5167 29.1057 2 3 1 556 3.22828 383.035 766.07 1149.11 1532.14 1915.18 2298.21 2681.25 3064.28 3447.32 3830.35 
8 24.1207 20.6652 3 3 1 476 3.90498 224.231 448.462 672.694 896.925 1121.16 1345.39 1569.62 1793.85 2018.08 2242.31 
9 27.7671 33.1081 1 1 3 451 4.56371 683.154 1366.31 2049.46 2732.62 3415.77 4098.93 4782.08 5465.24 6148.39 6831.54 
10 32.1682 22.1361 2 3 3 453 3.09144 453.826 907.652 1361.48 1815.3 2269.13 2722.96 3176.78 3630.61 4084.43 4538.26 
11 39.0765 28.2985 3 2 1 588 2.68836 701.699 1403.4 2105.1 2806.79 3508.49 4210.19 4911.89 5613.59 6315.29 7016.99 
12 24.0845 32.5611 2 1 3 514 2.80536 344.243 688.486 1032.73 1376.97 1721.21 2065.46 2409.7 2753.94 3098.19 3442.43 
13 26.7876 26.9584 3 1 3 777 3.43619 0 0 0 0 0 0 0 0 0 0 
14 35.5491 22.9526 3 2 3 768 3.84305 851.869 1703.74 2555.61 3407.47 4259.34 5111.21 5963.08 6814.95 7666.82 8518.69 
15 33.9036 34.5719 3 1 2 548 4.81651 865.465 1730.93 2596.4 3461.86 4327.33 5192.79 6058.26 6923.72 7789.19 8654.65 
16 39.9097 26.3497 1 1 2 512 3.60959 0 0 0 0 0 0 0 0 0 0 
17 20.9477 33.918 2 2 2 728 3.72657 672.875 1345.75 2018.62 2691.5 3364.37 4037.25 4710.12 5383 6055.87 6728.75 
18 31.8316 39.8571 3 1 3 747 2.43927 696.745 1393.49 2090.23 2786.98 3483.72 4180.47 4877.21 5573.96 6270.7 6967.45 
19 33.7635 37.9207 1 3 2 778 2.75657 904.509 1809.02 2713.53 3618.04 4522.54 5427.05 6331.56 7236.07 8140.58 9045.09 
20 38.6943 32.749 3 3 2 723 3.96266 206.224 412.449 618.673 824.897 1031.12 1237.35 1443.57 1649.79 1856.02 2062.24 
21 29.2564 22.1924 2 3 2 774 3.3247 368.536 737.072 1105.61 1474.14 1842.68 2211.22 2579.75 2948.29 3316.83 3685.36 
22 35.0939 37.7063 1 2 2 670 3.41656 0 0 0 0 0 0 0 0 0 0 
23 20.8551 33.8048 2 1 1 553 3.14984 959.908 1919.82 2879.72 3839.63 4799.54 5759.45 6719.36 7679.27 8639.17 9599.08 
24 35.9384 27.5608 3 3 2 558 2.7831 482.042 964.084 1446.13 1928.17 2410.21 2892.25 3374.29 3856.34 4338.38 4820.42 
25 36.6942 28.9469 3 3 1 685 4.47682 937.455 1874.91 2812.36 3749.82 4687.27 5624.73 6562.18 7499.64 8437.09 9374.55 
26 29.7667 25.5844 2 1 2 723 3.62291 0 0 0 0 0 0 0 0 0 0 
27 31.9365 25.4075 3 3 1 623 4.75105 0 0 0 0 0 0 0 0 0 0 
28 25.305 33.4947 1 3 2 594 3.95299 849.91 1699.82 2549.73 3399.64 4249.55 5099.46 5949.37 6799.28 7649.19 8499.1 
29 38.3055 32.6642 1 1 2 424 3.21622 606.297 1212.59 1818.89 2425.19 3031.49 3637.78 4244.08 4850.38 5456.67 6062.97 
30 22.8575 22.4703 1 3 2 632 2.80541 0 0 0 0 0 0 0 0 0 0 
31 21.3963 24.6341 2 1 1 676 4.49691 315.04 630.08 945.12 1260.16 1575.2 1890.24 2205.28 2520.32 2835.36 3150.4 
32 20.3273 34.0535 1 3 1 792 2.08539 861.678 1723.36 2585.03 3446.71 4308.39 5170.07 6031.74 6893.42 7755.1 8616.78 
33 39.2462 39.5862 2 3 1 473 3.357 415.925 831.85 1247.77 1663.7 2079.62 2495.55 2911.47 3327.4 3743.32 4159.25 
34 37.7667 36.3416 1 1 1 464 4.2044 945.258 1890.52 2835.77 3781.03 4726.29 5671.55 6616.8 7562.06 8507.32 9452.58 
35 35.1456 21.8221 2 2 3 501 4.70892 145.685 291.371 437.056 582.742 728.427 874.113 1019.8 1165.48 1311.17 1456.85 
36 21.6562 33.3249 3 3 2 780 4.64236 904.385 1808.77 2713.16 3617.54 4521.93 5426.31 6330.7 7235.08 8139.47 9043.85 
37 37 35.096 3 2 3 672 4.49658 265.006 530.011 795.017 1060.02 1325.03 1590.03 1855.04 2120.05 2385.05 2650.06 
