idx xloc yloc reus1 reus2 reus3 nonreus servicetime periodic costs(1--3)
0 22.2213 26.9833 2 1 1 611 4.50221 279.561 559.122 838.682 1118.24 1397.8 1677.36 1956.93 2236.49 2516.05 2795.61 
1 33.2604 34.384 2 1 3 689 2.28649 390.258 780.516 1170.77 1561.03 1951.29 2341.55 2731.81 3122.07 3512.32 3902.58 
2 39.8193 38.4483 1 1 2 780 4.45029 913.391 1826.78 2740.17 3653.57 4566.96 5480.35 6393.74 7307.13 8220.52 9133.91 
3 31.4287 29.2467 1 2 1 508 2.65504 473.293 946.586 1419.88 1893.17 2366.46 2839.76 3313.05 3786.34 4259.64 4732.93 
4 22.2714 25.2323 3 3 1 761 4.58857 955.665 1911.33 2867 3822.66 4778.33 5733.99 6689.66 7645.32 8600.99 9556.65 
5 34.8436 31.4293 3 2 1 578 3.62197 197.974 395.948 593.922 791.896 989.87 1187.84 1385.82 1583.79 1781.77 1979.74 
6 23.7796 22.8432 1 1 3 515 3.91547 848.478 1696.96 2545.44 3393.91 4242.39 5090.87 5939.35 6787.83 7636.31 8484.78 
7 39.6432 36.4805 1 2 2 521 2.68463 131.89 263.779 395.669 527.559 659.449 791.338 923.228 1055.12 1187.01 1318.9 
8 37.8161 26.3387 3 2 2 605 4.96815 288.956 577.911 866.867 1155.82 1444.78 1733.73 2022.69 2311.64 2600.6 2889.56 
9 32.9795 32.6552 1 1 3 581 2.7171 885.521 1771.04 2656.56 3542.08 4427.6 5313.12 6198.64 7084.17 7969.69 8855.21 
10 38.8087 25.3013 3 1 3 633 3.65256 857.898 1715.8 2573.69 3431.59 4289.49 5147.39 6005.29 6863.18 7721.08 8578.98 
11 21.4116 30.1564 1 3 2 413 2.17045 908.861 1817.72 2726.58 3635.44 4544.31 5453.17 6362.03 7270.89 8179.75 9088.61 
12 35.864 33.3426 1 3 1 659 3.33689 709.069 1418.14 2127.21 2836.28 3545.35 4254.42 4963.49 5672.56 6381.62 7090.69 
13 23.2047 36.363 1 1 1 602 2.18055 0 0 0 0 0 0 0 0 0 0 
14 23.3863 30.9938 3 2 2 451 3.84203 0 0 0 0 0 0 0 0 0 0 
15 29.3103 29.4352 3 1 3 433 2.70415 677.549 1355.1 2032.65 2710.2 3387.74 4065.29 4742.84 5420.39 6097.94 6775.49 
16 38.1579 23.7624 1 3 1 680 4.8225 0 0 0 0 0 0 0 0 0 0 
17 39.9235 22.4484 3 3 3 632 3.94322 818.483 1636.97 2455.45 3273.93 4092.42 4910.9 5729.38 6547.87 7366.35 8184.83 
18 21.1545 34.4316 1 3 1 610 4.63078 0 0 0 0 0 0 0 0 0 0 
19 26.555 34.9834 2 1 2 587 3.68602 0 0 0 0 0 0 0 0 0 0 
20 28.815 20.9746 3 1 2 532 4.70622 553.347 1106.69 1660.04 2213.39 2766.73 3320.08 3873.43 4426.77 4980.12 5533.47 
21 34.0437 36.286 2 1 1 657 4.21144 0 0 0 0 0 0 0 0 0 0 
22 34.703 28.2225 2 1 2 487 4.72875 965.293 1930.59 2895.88 3861.17 4826.47 5791.76 6757.05 7722.34 8687.64 9652.93 
23 30.3719 25.0428 1 1 1 706 3.30594 0 0 0 0 0 0 0 0 0 0 
24 22.5907 30.5185 1 1 1 617 4.834 914.682 1829.36 2744.04 3658.73 4573.41 5488.09 6402.77 7317.45 8232.13 9146.82 
25 27.2521 22.1296 1 1 1 530 3.8924 76.5559 153.112 229.668 306.224 382.779 459.335 535.891 612.447 689.003 765.559 
26 31.0372 27.0024 1 3 1 493 4.20466 623.454 1246.91 1870.36 2493.81 3117.27 3740.72 4364.17 4987.63 5611.08 6234.54 
27 37.8849 27.6716 2 3 2 691 4.51733 749.981 1499.96 2249.94 2999.92 3749.91 4499.89 5249.87 5999.85 6749.83 7499.81 
28 34.2656 24.9573 1 2 1 598 3.92227 694.731 1389.46 2084.19 2778.93 3473.66 4168.39 4863.12 5557.85 6252.58 6947.31 
29 39.8101 29.1188 2 3 3 504 2.87546 899.186 1798.37 2697.56 3596.75 4495.93 5395.12 6294.3 7193.49 8092.68 8991.86 
30 22.9192 31.6925 1 3 3 517 3.46113 152.922 305.845 458.767 611.689 764.611 917.534 1070.46 1223.38 1376.3 1529.22 
31 25.1779 25.0625 1 1 2 698 2.07479 0 0 0 0 0 0 0 0 0 0 
32 31.6895 38.2264 1 1 1 614 3.68621 500.656 1001.31 1501.97 2002.62 2503.28 3003.94 3504.59 4005.25 4505.9 5006.56 
33 30.8468 34.7015 1 3 1 690 2.69649 727.259 1454.52 2181.78 2909.04 3636.3 4363.55 5090.81 5818.07 6545.33 7272.59 
34 39.7278 24.1907 1 2 3 492 3.82496 976.916 1953.83 2930.75 3907.66 4884.58 5861.5 6838.41 7815.33 8792.24 9769.16 
35 37.0245 35.8487 2 3 2 519 3.39507 895.341 1790.68 2686.02 3581.36 4476.71 5372.05 6267.39 7162.73 8058.07 8953.41 
36 26.3894 34.4557 2 3 3 651 2.09906 309.656 619.311 928.967 1238.62 1548.28 1857.93 2167.59 2477.25 2786.9 3096.56 
37 39.6622 32.4892 1 3 3 594 4.74888 436.497 872.995 1309.49 1745.99 2182.49 2618.98 3055.48 3491.98 3928.48 4364.97 
