idx xloc yloc reus1 reus2 reus3 nonreus servicetime periodic costs(1--3)
0 25.741 39.6872 2 1 3 788 2.5499 409.31 818.621 1227.93 1637.24 2046.55 2455.86 2865.17 3274.48 3683.79 4093.1 
1 20.7353 26.3084 3 3 2 658 4.43337 566.247 1132.49 1698.74 2264.99 2831.24 3397.48 3963.73 4529.98 5096.23 5662.47 
2 29.0485 29.7841 3 2 3 414 4.18702 464.185 928.371 1392.56 1856.74 2320.93 2785.11 3249.3 3713.48 4177.67 4641.85 
3 32.219 37.4955 1 2 2 408 3.88936 304.615 609.23 913.844 1218.46 1523.07 1827.69 2132.3 2436.92 2741.53 3046.15 
4 25.4547 29.292 3 1 2 405 4.1561 270.892 541.784 812.675 1083.57 1354.46 1625.35 1896.24 2167.13 2438.03 2708.92 
5 23.0083 22.6983 1 1 3 516 2.91203 0 0 0 0 0 0 0 0 0 0 
6 32.7769 33.5546 1 2 3 490 3.96968 674.569 1349.14 2023.71 2698.28 3372.85 4047.41 4721.98 5396.55 6071.12 6745.69 
7 32.4632 27.7159 2 2 3 536 2.52653 183.666 367.332 550.998 734.664 918.331 1102 1285.66 1469.33 1652.99 1836.66 
8 31.2085 24.5766 1 2 1 540 3.44073 976.3 1952.6 2928.9 3905.2 4881.5 5857.8 6834.1 7810.4 8786.7 9763 
9 31.5266 31.7958 2 1 2 485 3.20292 753.423 1506.85 2260.27 3013.69 3767.12 4520.54 5273.96 6027.38 6780.81 7534.23 
10 38.2312 35.646 2 2 3 425 2.95625 102.586 205.173 307.759 410.345 512.932 615.518 718.104 820.691 923.277 1025.86 
11 37.8303 33.1187 2 3 2 532 4.67512 0 0 0 0 0 0 0 0 0 0 
12 23.3548 29.5284 1 1 3 494 3.90779 0 0 0 0 0 0 0 0 0 0 
13 20.5196 37.0328 2 1 3 464 3.79461 828.216 1656.43 2484.65 3312.86 4141.08 4969.3 5797.51 6625.73 7453.95 8282.16 
14 35.8877 20.7254 1 2 1 450 2.7897 689.695 1379.39 2069.09 2758.78 3448.48 4138.17 4827.87 5517.56 6207.26 6896.95 
15 38.9104 30.3926 2 3 3 446 3.44742 260.693 521.385 782.078 1042.77 1303.46 1564.16 1824.85 2085.54 2346.23 2606.93 
16 21.8995 26.6165 1 1 1 778 3.45044 292.358 584.716 877.073 1169.43 1461.79 1754.15 2046.5 2338.86 2631.22 2923.58 
17 22.0096 21.2528 3 3 1 733 2.10624 715.339 1430.68 2146.02 2861.36 3576.69 4292.03 5007.37 5722.71 6438.05 7153.39 
18 29.778 39.155 3 2 3 438 3.58091 408.344 816.687 1225.03 1633.37 2041.72 2450.06 2858.41 3266.75 3675.09 4083.44 
19 24.5223 31.7109 2 3 2 515 3.04342 999.539 1999.08 2998.62 3998.15 4997.69 5997.23 6996.77 7996.31 8995.85 9995.39 
20 21.2058 38.1804 1 1 1 459 4.25849 0 0 0 0 0 0 0 0 0 0 
21 24.1802 20.4842 3 2 1 683 4.67917 753.583 1507.17 2260.75 3014.33 3767.92 4521.5 5275.08 6028.66 6782.25 7535.83 
22 24.2908 25.892 3 3 2 690 3.86661 232.996 465.991 698.987 931.983 1164.98 1397.97 1630.97 1863.97 2096.96 2329.96 
23 28.3569 31.4454 3 2 1 505 4.81126 788.031 1576.06 2364.09 3152.12 3940.15 4728.18 5516.21 6304.24 7092.28 7880.31 
24 22.7195 28.7157 2 2 2 755 3.79279 128.649 257.298 385.947 514.596 643.245 771.894 900.543 1029.19 1157.84 1286.49 
25 37.4353 21.6154 3 2 3 539 4.52169 174.79 349.581 524.371 699.162 873.952 1048.74 1223.53 1398.32 1573.11 1747.9 
26 39.4006 29.8093 1 3 3 402 2.78596 966.736 1933.47 2900.21 3866.95 4833.68 5800.42 6767.16 7733.89 8700.63 9667.36 
27 37.4203 33.9301 1 2 2 740 2.33213 239.714 479.427 719.141 958.854 1198.57 1438.28 1677.99 1917.71 2157.42 2397.14 
28 32.6587 35.6427 3 3 3 474 3.17542 658.932 1317.86 1976.8 2635.73 3294.66 3953.59 4612.53 5271.46 5930.39 6589.32 
29 35.651 26.4005 2 1 2 419 3.08783 972.261 1944.52 2916.78 3889.04 4861.31 5833.57 6805.83 7778.09 8750.35 9722.61 
30 28.1968 34.7615 1 1 2 692 2.04152 246.955 493.909 740.864 987.819 1234.77 1481.73 1728.68 1975.64 2222.59 2469.55 
31 21.0845 33.8258 1 3 3 621 4.89448 0 0 0 0 0 0 0 0 0 0 
32 37.368 38.0818 1 2 3 638 2.35515 809.251 1618.5 2427.75 3237 4046.25 4855.5 5664.75 6474 7283.26 8092.51 
33 36.8121 36.8499 1 1 2 541 3.40746 948.439 1896.88 2845.32 3793.76 4742.19 5690.63 6639.07 7587.51 8535.95 9484.39 
34 31.0524 35.6274 3 2 2 547 4.56341 554.287 1108.57 1662.86 2217.15 2771.43 3325.72 3880.01 4434.3 4988.58 5542.87 
35 31.6097 24.3178 1 3 1 778 2.13632 216.909 433.819 650.728 867.638 1084.55 1301.46 1518.37 1735.28 1952.18 2169.09 
36 37.0088 32.6735 1 3 3 450 2.65252 770.568 1541.14 2311.7 3082.27 3852.84 4623.41 5393.97 6164.54 6935.11 7705.68 
37 36.2592 25.2282 2 3 1 668 4.94908 0 0 0 0 0 0 0 0 0 0 
