idx xloc yloc reus1 reus2 reus3 nonreus servicetime periodic costs(1--3)
0 38.2303 39.0132 3 1 1 782 2.526 0 0 
1 30.4123 25.6122 3 2 2 567 3.29804 958.993 1917.99 
2 20.6694 21.3001 2 3 3 403 4.1389 281.772 563.545 
3 33.2613 21.2229 1 3 1 389 2.09876 0 0 
4 22.3824 24.3439 1 2 1 422 3.96432 519.25 1038.5 
5 20.5079 34.8582 3 3 1 334 3.603 810.735 1621.47 
6 22.6142 26.2569 3 2 3 550 2.91163 789.92 1579.84 
7 26.3531 39.8219 3 3 3 303 2.93192 348.916 697.832 
8 22.66 35.8902 1 1 3 336 2.98102 66.701 133.402 
9 32.9977 27.671 2 1 3 389 4.67293 316.092 632.184 
