idx xloc yloc reus1 reus2 reus3 nonreus servicetime periodic costs(1--3)
0 27.6438 22.8617 2 2 1 665 4.51087 993.143 1986.29 
1 25.8647 39.6271 2 3 2 788 3.33325 527.033 1054.07 
2 31.7286 33.5713 1 1 2 728 2.83495 0 0 
3 30.3411 25.6254 1 1 3 441 4.88975 961.41 1922.82 
4 32.9652 21.8515 1 2 2 443 4.60706 649.469 1298.94 
5 24.8766 37.37 1 2 2 564 4.59773 861.952 1723.9 
6 27.6474 39.6628 2 3 1 564 2.72346 0 0 
7 24.7451 29.4647 2 1 1 509 2.79461 952.841 1905.68 
8 28.0707 21.6946 1 3 3 402 4.47076 572.281 1144.56 
9 34.5454 22.0826 1 1 2 380 3.02715 703.009 1406.02 
