idx xloc yloc reus1 reus2 reus3 nonreus servicetime periodic costs(1--3)
0 32.1784 30.2012 1 2 2 316 3.1602 266.969 533.938 
1 39.4233 29.3004 2 3 3 407 4.70752 788.873 1577.75 
2 32.6626 20.9099 1 2 2 651 2.43083 84.7591 169.518 
3 25.2594 34.1006 3 1 3 375 3.78697 699.774 1399.55 
4 32.1958 32.0415 3 3 1 775 3.21514 452.369 904.739 
5 20.5688 37.4737 1 1 3 554 3.73571 179.579 359.158 
6 23.0955 20.9886 1 3 3 746 2.45727 0 0 
7 25.7898 34.1144 2 1 3 474 2.73223 196.736 393.471 
8 29.6534 32.2433 1 1 1 401 4.85941 73.141 146.282 
9 21.3071 28.9768 2 1 2 495 4.35031 537.735 1075.47 
