idx xloc yloc reus1 reus2 reus3 nonreus servicetime periodic costs(1--3)
0 27.4053 33.0636 1 2 2 454 5.21537 247.563 495.126 742.689 990.252 1237.81 1485.38 1732.94 1980.5 2228.07 2475.63 2723.19 2970.76 3218.32 3465.88 
1 26.1053 23.2993 2 3 1 463 3.0476 166.851 333.701 500.552 667.402 834.253 1001.1 1167.95 1334.8 1501.66 1668.51 1835.36 2002.21 2169.06 2335.91 
2 34.7939 38.3789 1 2 1 619 3.21255 853.867 1707.73 2561.6 3415.47 4269.33 5123.2 5977.07 6830.93 7684.8 8538.67 9392.53 10246.4 11100.3 11954.1 
3 31.5498 27.9643 3 2 3 718 4.37117 742.673 1485.35 2228.02 2970.69 3713.37 4456.04 5198.71 5941.39 6684.06 7426.73 8169.4 8912.08 9654.75 10397.4 
4 36.6069 38.4338 2 1 2 708 4.704 817.7 1635.4 2453.1 3270.8 4088.5 4906.2 5723.9 6541.6 7359.3 8177 8994.7 9812.4 10630.1 11447.8 
5 28.0847 21.859 1 3 3 474 4.8921 148.904 297.808 446.713 595.617 744.521 893.425 1042.33 1191.23 1340.14 1489.04 1637.95 1786.85 1935.76 2084.66 
6 20.7619 25.2809 1 3 3 521 4.75953 578.344 1156.69 1735.03 2313.38 2891.72 3470.06 4048.41 4626.75 5205.09 5783.44 6361.78 6940.13 7518.47 8096.81 
7 22.5761 28.2835 3 3 3 508 3.3449 184.675 369.349 554.024 738.699 923.374 1108.05 1292.72 1477.4 1662.07 1846.75 2031.42 2216.1 2400.77 2585.45 
8 26.8563 35.088 2 1 2 681 5.87053 473.503 947.007 1420.51 1894.01 2367.52 2841.02 3314.52 3788.03 4261.53 4735.03 5208.54 5682.04 6155.54 6629.05 
9 35.9579 28.6962 1 2 2 417 3.53438 983.738 1967.48 2951.21 3934.95 4918.69 5902.43 6886.16 7869.9 8853.64 9837.38 10821.1 11804.9 12788.6 13772.3 
10 23.5153 21.914 1 3 2 800 4.26008 164.571 329.143 493.714 658.285 822.857 987.428 1152 1316.57 1481.14 1645.71 1810.28 1974.86 2139.43 2304 
11 35.8567 39.1387 1 1 2 791 3.82599 569.761 1139.52 1709.28 2279.04 2848.81 3418.57 3988.33 4558.09 5127.85 5697.61 6267.37 6837.13 7406.89 7976.66 
12 20.7735 36.4859 3 1 3 454 4.77635 193.708 387.417 581.125 774.833 968.542 1162.25 1355.96 1549.67 1743.38 1937.08 2130.79 2324.5 2518.21 2711.92 
13 20.9233 30.4658 3 1 3 668 4.74362 580.977 1161.95 1742.93 2323.91 2904.89 3485.86 4066.84 4647.82 5228.8 5809.77 6390.75 6971.73 7552.71 8133.68 
14 25.1821 23.0775 3 3 1 679 5.43047 551.519 1103.04 1654.56 2206.08 2757.6 3309.11 3860.63 4412.15 4963.67 5515.19 6066.71 6618.23 7169.75 7721.27 
15 39.297 34.1282 1 3 1 701 3.54062 540.587 1081.17 1621.76 2162.35 2702.93 3243.52 3784.11 4324.69 4865.28 5405.87 5946.45 6487.04 7027.63 7568.21 
16 31.5471 32.8859 2 1 3 797 4.25548 59.3006 118.601 177.902 237.203 296.503 355.804 415.104 474.405 533.706 593.006 652.307 711.608 770.908 830.209 
17 25.9786 27.4486 1 3 2 699 3.18129 423.882 847.764 1271.65 1695.53 2119.41 2543.29 2967.17 3391.05 3814.94 4238.82 4662.7 5086.58 5510.46 5934.35 
18 21.7402 30.9739 2 3 2 732 5.10459 814.332 1628.66 2443 3257.33 4071.66 4885.99 5700.33 6514.66 7328.99 8143.32 8957.66 9771.99 10586.3 11400.7 
19 24.7297 28.0329 2 2 3 711 4.44914 581.43 1162.86 1744.29 2325.72 2907.15 3488.58 4070.01 4651.44 5232.87 5814.3 6395.73 6977.16 7558.59 8140.02 
20 26.0437 26.5182 3 2 1 744 4.6805 372.623 745.245 1117.87 1490.49 1863.11 2235.74 2608.36 2980.98 3353.6 3726.23 4098.85 4471.47 4844.09 5216.72 
21 31.7362 35.6364 2 1 1 743 4.48754 99.4842 198.968 298.453 397.937 497.421 596.905 696.389 795.873 895.358 994.842 1094.33 1193.81 1293.29 1392.78 
22 25.6246 31.1648 2 2 2 724 3.85011 618.679 1237.36 1856.04 2474.72 3093.39 3712.07 4330.75 4949.43 5568.11 6186.79 6805.47 7424.15 8042.82 8661.5 
23 37.4132 23.9441 1 2 3 742 4.7691 730.818 1461.64 2192.45 2923.27 3654.09 4384.91 5115.73 5846.55 6577.36 7308.18 8039 8769.82 9500.64 10231.5 
24 23.9167 38.3034 2 2 1 753 5.77937 839.282 1678.56 2517.85 3357.13 4196.41 5035.69 5874.97 6714.25 7553.54 8392.82 9232.1 10071.4 10910.7 11749.9 
25 28.912 29.6807 1 1 2 400 4.90842 418.223 836.445 1254.67 1672.89 2091.11 2509.34 2927.56 3345.78 3764 4182.23 4600.45 5018.67 5436.89 5855.12 
26 33.4254 25.6221 1 2 3 679 5.02666 517.019 1034.04 1551.06 2068.08 2585.1 3102.11 3619.13 4136.15 4653.17 5170.19 5687.21 6204.23 6721.25 7238.27 
27 28.8052 37.5654 2 3 3 763 5.11514 516.561 1033.12 1549.68 2066.24 2582.8 3099.36 3615.92 4132.49 4649.05 5165.61 5682.17 6198.73 6715.29 7231.85 
28 22.7202 22.6438 3 1 3 444 3.23184 998.853 1997.71 2996.56 3995.41 4994.26 5993.12 6991.97 7990.82 8989.68 9988.53 10987.4 11986.2 12985.1 13983.9 
29 33.6356 39.2139 2 2 2 421 3.36233 808.699 1617.4 2426.1 3234.79 4043.49 4852.19 5660.89 6469.59 7278.29 8086.99 8895.68 9704.38 10513.1 11321.8 
30 27.0798 24.2287 2 3 1 541 3.02614 772.531 1545.06 2317.59 3090.12 3862.66 4635.19 5407.72 6180.25 6952.78 7725.31 8497.84 9270.37 10042.9 10815.4 
31 23.4558 29.9846 1 1 3 733 5.52515 748.366 1496.73 2245.1 2993.46 3741.83 4490.19 5238.56 5986.93 6735.29 7483.66 8232.02 8980.39 9728.75 10477.1 
32 34.5681 33.4808 1 1 3 493 3.20137 777.941 1555.88 2333.82 3111.76 3889.7 4667.64 5445.58 6223.52 7001.47 7779.41 8557.35 9335.29 10113.2 10891.2 
33 38.844 32.1861 2 1 2 796 3.70238 683.005 1366.01 2049.02 2732.02 3415.03 4098.03 4781.04 5464.04 6147.05 6830.05 7513.06 8196.06 8879.07 9562.07 
34 24.3236 37.111 2 2 2 419 3.78504 271.488 542.976 814.463 1085.95 1357.44 1628.93 1900.41 2171.9 2443.39 2714.88 2986.37 3257.85 3529.34 3800.83 
35 34.6749 22.9999 1 3 3 540 5.17192 181.403 362.807 544.21 725.613 907.016 1088.42 1269.82 1451.23 1632.63 1814.03 1995.44 2176.84 2358.24 2539.65 
36 24.6644 35.3007 3 3 1 601 4.32149 304.344 608.689 913.033 1217.38 1521.72 1826.07 2130.41 2434.76 2739.1 3043.44 3347.79 3652.13 3956.48 4260.82 
37 22.323 22.9184 1 1 2 400 3.25976 272.804 545.607 818.411 1091.21 1364.02 1636.82 1909.63 2182.43 2455.23 2728.04 3000.84 3273.64 3546.45 3819.25 
38 36.4506 29.5369 1 2 2 618 5.24051 525.849 1051.7 1577.55 2103.39 2629.24 3155.09 3680.94 4206.79 4732.64 5258.49 5784.34 6310.18 6836.03 7361.88 
39 37.3726 27.7529 1 2 1 415 4.62355 789.253 1578.51 2367.76 3157.01 3946.27 4735.52 5524.77 6314.03 7103.28 7892.53 8681.79 9471.04 10260.3 11049.5 
