idx xloc yloc reus1 reus2 reus3 nonreus servicetime periodic costs(1--3)
0 22.674 27.3173 1 2 1 408 5.60172 923.449 1846.9 2770.35 3693.8 4617.25 5540.7 6464.15 7387.59 8311.04 9234.49 10157.9 11081.4 12004.8 12928.3 
1 34.3273 29.2862 3 2 1 715 3.14679 285.71 571.42 857.131 1142.84 1428.55 1714.26 1999.97 2285.68 2571.39 2857.1 3142.81 3428.52 3714.23 3999.94 
2 34.7585 21.3772 1 2 3 488 3.81425 271.743 543.487 815.23 1086.97 1358.72 1630.46 1902.2 2173.95 2445.69 2717.43 2989.18 3260.92 3532.66 3804.41 
3 24.9245 39.4486 1 3 2 542 4.93971 908.334 1816.67 2725 3633.34 4541.67 5450 6358.34 7266.67 8175.01 9083.34 9991.67 10900 11808.3 12716.7 
4 24.9486 27.896 2 3 1 647 5.64905 748.532 1497.06 2245.6 2994.13 3742.66 4491.19 5239.73 5988.26 6736.79 7485.32 8233.85 8982.39 9730.92 10479.5 
5 36.8108 35.3366 3 2 2 433 3.80766 217.432 434.863 652.295 869.727 1087.16 1304.59 1522.02 1739.45 1956.88 2174.32 2391.75 2609.18 2826.61 3044.04 
6 32.7988 27.3178 2 2 2 552 4.40145 427.589 855.179 1282.77 1710.36 2137.95 2565.54 2993.13 3420.71 3848.3 4275.89 4703.48 5131.07 5558.66 5986.25 
7 24.5149 36.1623 1 2 2 424 5.35488 392.69 785.38 1178.07 1570.76 1963.45 2356.14 2748.83 3141.52 3534.21 3926.9 4319.59 4712.28 5104.97 5497.66 
8 28.1722 31.9067 2 1 3 593 5.3623 235.673 471.347 707.02 942.694 1178.37 1414.04 1649.71 1885.39 2121.06 2356.73 2592.41 2828.08 3063.75 3299.43 
9 36.196 31.1282 1 2 2 735 4.85494 616.172 1232.34 1848.52 2464.69 3080.86 3697.03 4313.21 4929.38 5545.55 6161.72 6777.89 7394.07 8010.24 8626.41 
10 25.2052 37.7014 1 3 1 501 3.52841 731.837 1463.67 2195.51 2927.35 3659.19 4391.02 5122.86 5854.7 6586.54 7318.37 8050.21 8782.05 9513.88 10245.7 
11 31.2834 25.7878 3 2 1 402 4.40822 817.569 1635.14 2452.71 3270.27 4087.84 4905.41 5722.98 6540.55 7358.12 8175.69 8993.25 9810.82 10628.4 11446 
12 22.6609 21.9726 1 3 3 651 5.31496 373.145 746.29 1119.44 1492.58 1865.73 2238.87 2612.02 2985.16 3358.31 3731.45 4104.6 4477.74 4850.89 5224.03 
13 28.4698 20.6355 2 1 2 619 5.55188 747.158 1494.32 2241.47 2988.63 3735.79 4482.95 5230.1 5977.26 6724.42 7471.58 8218.73 8965.89 9713.05 10460.2 
14 30.2181 22.7557 3 3 1 719 3.38285 210.398 420.796 631.194 841.592 1051.99 1262.39 1472.79 1683.18 1893.58 2103.98 2314.38 2524.78 2735.17 2945.57 
15 38.2515 35.0045 3 1 1 512 3.14928 528.181 1056.36 1584.54 2112.72 2640.9 3169.08 3697.27 4225.45 4753.63 5281.81 5809.99 6338.17 6866.35 7394.53 
16 36.5703 38.3416 3 2 2 657 4.79786 570.223 1140.45 1710.67 2280.89 2851.11 3421.34 3991.56 4561.78 5132 5702.23 6272.45 6842.67 7412.9 7983.12 
17 21.2129 25.8464 1 1 3 454 3.82154 741.284 1482.57 2223.85 2965.14 3706.42 4447.7 5188.99 5930.27 6671.56 7412.84 8154.12 8895.41 9636.69 10378 
18 32.6665 27.1108 1 1 2 409 3.66575 370.116 740.233 1110.35 1480.47 1850.58 2220.7 2590.81 2960.93 3331.05 3701.16 4071.28 4441.4 4811.51 5181.63 
19 26.3524 30.8289 1 2 3 741 5.7669 865.184 1730.37 2595.55 3460.73 4325.92 5191.1 6056.29 6921.47 7786.65 8651.84 9517.02 10382.2 11247.4 12112.6 
20 36.5105 21.4832 2 2 2 536 5.57792 953.507 1907.01 2860.52 3814.03 4767.53 5721.04 6674.55 7628.05 8581.56 9535.07 10488.6 11442.1 12395.6 13349.1 
21 36.9628 34.6365 3 1 1 764 4.08398 859.268 1718.54 2577.8 3437.07 4296.34 5155.61 6014.88 6874.14 7733.41 8592.68 9451.95 10311.2 11170.5 12029.8 
22 26.6747 27.6795 1 3 1 786 3.80352 263.443 526.886 790.328 1053.77 1317.21 1580.66 1844.1 2107.54 2370.98 2634.43 2897.87 3161.31 3424.76 3688.2 
23 27.7981 39.6487 1 2 1 572 5.25278 396.454 792.909 1189.36 1585.82 1982.27 2378.73 2775.18 3171.63 3568.09 3964.54 4361 4757.45 5153.91 5550.36 
24 22.813 31.6156 3 2 3 690 5.03934 703.47 1406.94 2110.41 2813.88 3517.35 4220.82 4924.29 5627.76 6331.23 7034.7 7738.17 8441.64 9145.11 9848.58 
25 32.9179 33.641 2 2 3 576 3.69291 660.569 1321.14 1981.71 2642.28 3302.85 3963.42 4623.99 5284.55 5945.12 6605.69 7266.26 7926.83 8587.4 9247.97 
26 26.5606 33.2283 1 3 2 495 3.44163 615.146 1230.29 1845.44 2460.59 3075.73 3690.88 4306.02 4921.17 5536.32 6151.46 6766.61 7381.76 7996.9 8612.05 
27 25.4706 36.1334 1 1 1 562 5.48398 340.917 681.835 1022.75 1363.67 1704.59 2045.5 2386.42 2727.34 3068.26 3409.17 3750.09 4091.01 4431.93 4772.84 
28 21.0685 36.8331 3 2 1 556 3.13087 69.1757 138.351 207.527 276.703 345.879 415.054 484.23 553.406 622.582 691.757 760.933 830.109 899.285 968.46 
29 25.8166 29.5767 3 2 1 589 5.83224 805.849 1611.7 2417.55 3223.4 4029.25 4835.1 5640.95 6446.8 7252.64 8058.49 8864.34 9670.19 10476 11281.9 
30 39.3757 23.3227 2 3 3 557 5.60866 981.324 1962.65 2943.97 3925.29 4906.62 5887.94 6869.27 7850.59 8831.91 9813.24 10794.6 11775.9 12757.2 13738.5 
31 27.3942 31.5874 3 3 2 773 4.14105 978.883 1957.77 2936.65 3915.53 4894.42 5873.3 6852.18 7831.07 8809.95 9788.83 10767.7 11746.6 12725.5 13704.4 
32 21.4857 23.8699 2 1 1 570 4.60301 938.462 1876.92 2815.39 3753.85 4692.31 5630.77 6569.23 7507.7 8446.16 9384.62 10323.1 11261.5 12200 13138.5 
33 33.5204 31.5932 3 1 1 584 3.88858 251.192 502.385 753.577 1004.77 1255.96 1507.15 1758.35 2009.54 2260.73 2511.92 2763.12 3014.31 3265.5 3516.69 
34 28.7909 22.8515 2 1 3 504 4.99361 294.743 589.487 884.23 1178.97 1473.72 1768.46 2063.2 2357.95 2652.69 2947.43 3242.18 3536.92 3831.66 4126.41 
35 36.8592 38.2947 2 2 1 602 3.86647 947.741 1895.48 2843.22 3790.96 4738.71 5686.45 6634.19 7581.93 8529.67 9477.41 10425.2 11372.9 12320.6 13268.4 
36 32.93 22.6645 3 2 1 691 5.58417 127.157 254.313 381.47 508.627 635.784 762.94 890.097 1017.25 1144.41 1271.57 1398.72 1525.88 1653.04 1780.19 
37 21.2455 27.1237 2 2 1 441 3.64314 121.032 242.063 363.095 484.127 605.158 726.19 847.222 968.253 1089.29 1210.32 1331.35 1452.38 1573.41 1694.44 
38 37.8631 26.2576 1 1 1 688 5.80818 586.22 1172.44 1758.66 2344.88 2931.1 3517.32 4103.54 4689.76 5275.98 5862.2 6448.42 7034.64 7620.86 8207.08 
39 36.2479 33.8318 3 2 1 408 5.76173 130.81 261.62 392.43 523.24 654.05 784.86 915.67 1046.48 1177.29 1308.1 1438.91 1569.72 1700.53 1831.34 
