idx xloc yloc reus1 reus2 reus3 nonreus servicetime periodic costs(1--3)
0 36.8815 33.2232 2 2 2 465 4.28407 879.51 1759.02 2638.53 3518.04 4397.55 5277.06 6156.57 7036.08 7915.59 8795.1 9674.61 10554.1 11433.6 12313.1 
1 32.6422 27.2076 3 1 3 573 4.77816 92.2152 184.43 276.646 368.861 461.076 553.291 645.506 737.722 829.937 922.152 1014.37 1106.58 1198.8 1291.01 
2 23.8924 21.6023 3 3 3 733 4.74038 820.608 1641.22 2461.82 3282.43 4103.04 4923.65 5744.26 6564.87 7385.47 8206.08 9026.69 9847.3 10667.9 11488.5 
3 31.7931 31.7974 2 1 3 752 5.11228 464.192 928.385 1392.58 1856.77 2320.96 2785.15 3249.35 3713.54 4177.73 4641.92 5106.12 5570.31 6034.5 6498.69 
4 30.5958 27.8077 1 3 1 497 5.06256 920.222 1840.44 2760.67 3680.89 4601.11 5521.33 6441.56 7361.78 8282 9202.22 10122.4 11042.7 11962.9 12883.1 
5 33.1689 30.6564 2 2 1 724 3.89845 163.623 327.245 490.868 654.491 818.114 981.736 1145.36 1308.98 1472.6 1636.23 1799.85 1963.47 2127.1 2290.72 
6 21.7932 34.7554 3 1 2 526 3.61383 558.22 1116.44 1674.66 2232.88 2791.1 3349.32 3907.54 4465.76 5023.98 5582.2 6140.42 6698.64 7256.86 7815.08 
7 24.6144 30.8863 3 2 2 616 4.29982 762.19 1524.38 2286.57 3048.76 3810.95 4573.14 5335.33 6097.52 6859.71 7621.9 8384.09 9146.28 9908.47 10670.7 
8 32.4197 24.9192 3 1 3 746 3.38008 534.597 1069.19 1603.79 2138.39 2672.99 3207.58 3742.18 4276.78 4811.38 5345.97 5880.57 6415.17 6949.77 7484.36 
9 20.8777 22.9773 2 3 3 617 3.42254 87.3033 174.607 261.91 349.213 436.517 523.82 611.123 698.427 785.73 873.033 960.336 1047.64 1134.94 1222.25 
10 20.0845 35.3873 1 2 1 540 5.46642 195.221 390.442 585.663 780.884 976.105 1171.33 1366.55 1561.77 1756.99 1952.21 2147.43 2342.65 2537.87 2733.09 
11 22.5238 31.0776 3 2 3 609 3.08683 966.631 1933.26 2899.89 3866.52 4833.16 5799.79 6766.42 7733.05 8699.68 9666.31 10632.9 11599.6 12566.2 13532.8 
12 26.8652 38.187 1 2 3 485 5.59209 421.191 842.382 1263.57 1684.76 2105.96 2527.15 2948.34 3369.53 3790.72 4211.91 4633.1 5054.29 5475.49 5896.68 
13 34.4176 34.0419 3 3 1 728 5.81148 555.189 1110.38 1665.57 2220.76 2775.95 3331.13 3886.32 4441.51 4996.7 5551.89 6107.08 6662.27 7217.46 7772.65 
14 39.2618 35.506 2 3 3 636 4.98374 973.475 1946.95 2920.43 3893.9 4867.38 5840.85 6814.33 7787.8 8761.28 9734.75 10708.2 11681.7 12655.2 13628.7 
15 34.7533 25.7619 3 2 2 799 3.24452 368.526 737.051 1105.58 1474.1 1842.63 2211.15 2579.68 2948.2 3316.73 3685.26 4053.78 4422.31 4790.83 5159.36 
16 37.1438 36.6886 3 2 1 733 3.70717 498.728 997.456 1496.18 1994.91 2493.64 2992.37 3491.1 3989.83 4488.55 4987.28 5486.01 5984.74 6483.47 6982.2 
17 21.6683 20.3415 3 3 3 751 4.9761 771.722 1543.44 2315.17 3086.89 3858.61 4630.33 5402.05 6173.78 6945.5 7717.22 8488.94 9260.67 10032.4 10804.1 
18 33.8349 33.1973 1 3 2 603 5.42451 950.132 1900.26 2850.4 3800.53 4750.66 5700.79 6650.92 7601.05 8551.19 9501.32 10451.4 11401.6 12351.7 13301.8 
19 28.2092 26.2996 2 3 1 417 5.31936 248.831 497.663 746.494 995.326 1244.16 1492.99 1741.82 1990.65 2239.48 2488.31 2737.15 2985.98 3234.81 3483.64 
20 34.4791 24.9263 2 2 2 407 3.46861 517.628 1035.26 1552.88 2070.51 2588.14 3105.77 3623.4 4141.02 4658.65 5176.28 5693.91 6211.54 6729.16 7246.79 
21 38.5056 26.1519 1 1 3 558 3.22936 784.408 1568.82 2353.22 3137.63 3922.04 4706.45 5490.86 6275.27 7059.67 7844.08 8628.49 9412.9 10197.3 10981.7 
22 31.7242 31.2046 2 3 1 650 5.28077 106.64 213.279 319.919 426.559 533.198 639.838 746.478 853.117 959.757 1066.4 1173.04 1279.68 1386.32 1492.96 
23 20.1459 39.2903 2 2 2 645 3.13984 962.443 1924.89 2887.33 3849.77 4812.22 5774.66 6737.1 7699.55 8661.99 9624.43 10586.9 11549.3 12511.8 13474.2 
24 26.5892 21.0601 1 1 3 767 4.3253 117.54 235.081 352.621 470.162 587.702 705.242 822.783 940.323 1057.86 1175.4 1292.94 1410.48 1528.02 1645.57 
25 34.415 32.9326 2 1 1 606 5.29405 647.583 1295.17 1942.75 2590.33 3237.92 3885.5 4533.08 5180.67 5828.25 6475.83 7123.42 7771 8418.58 9066.16 
26 33.4814 25.4758 1 2 3 691 5.48411 965.904 1931.81 2897.71 3863.62 4829.52 5795.42 6761.33 7727.23 8693.14 9659.04 10624.9 11590.8 12556.8 13522.7 
27 26.9342 39.7406 1 1 3 531 3.73478 226.208 452.417 678.625 904.833 1131.04 1357.25 1583.46 1809.67 2035.88 2262.08 2488.29 2714.5 2940.71 3166.92 
28 23.9296 36.5479 1 3 3 408 3.18474 516.78 1033.56 1550.34 2067.12 2583.9 3100.68 3617.46 4134.24 4651.02 5167.8 5684.58 6201.36 6718.14 7234.92 
29 27.1816 36.8627 1 1 2 488 4.6135 783.704 1567.41 2351.11 3134.81 3918.52 4702.22 5485.92 6269.63 7053.33 7837.04 8620.74 9404.44 10188.1 10971.8 
30 21.3635 27.4464 3 3 1 499 4.87862 259.85 519.7 779.55 1039.4 1299.25 1559.1 1818.95 2078.8 2338.65 2598.5 2858.35 3118.2 3378.05 3637.9 
31 37.8395 27.3374 2 2 1 784 4.74098 204.981 409.962 614.943 819.924 1024.91 1229.89 1434.87 1639.85 1844.83 2049.81 2254.79 2459.77 2664.75 2869.74 
32 35.0691 27.6439 1 3 2 456 4.65404 380.521 761.042 1141.56 1522.08 1902.6 2283.13 2663.65 3044.17 3424.69 3805.21 4185.73 4566.25 4946.77 5327.29 
33 37.25 33.0544 1 1 1 487 5.88539 305.953 611.906 917.86 1223.81 1529.77 1835.72 2141.67 2447.63 2753.58 3059.53 3365.49 3671.44 3977.39 4283.35 
34 22.5296 33.8921 3 2 2 783 5.26018 365.763 731.525 1097.29 1463.05 1828.81 2194.58 2560.34 2926.1 3291.86 3657.63 4023.39 4389.15 4754.91 5120.68 
35 23.871 31.4084 1 1 1 745 4.66367 485.076 970.153 1455.23 1940.31 2425.38 2910.46 3395.53 3880.61 4365.69 4850.76 5335.84 5820.92 6305.99 6791.07 
36 38.5631 33.0895 2 2 2 482 5.45066 343.921 687.842 1031.76 1375.68 1719.61 2063.53 2407.45 2751.37 3095.29 3439.21 3783.13 4127.05 4470.97 4814.9 
37 28.6889 32.0772 3 3 1 609 3.76787 370.072 740.144 1110.22 1480.29 1850.36 2220.43 2590.5 2960.58 3330.65 3700.72 4070.79 4440.87 4810.94 5181.01 
38 32.5618 20.959 1 3 3 779 3.11007 697.838 1395.68 2093.51 2791.35 3489.19 4187.03 4884.87 5582.71 6280.54 6978.38 7676.22 8374.06 9071.9 9769.73 
39 26.1182 27.0978 2 2 2 748 5.85634 311.889 623.779 935.668 1247.56 1559.45 1871.34 2183.23 2495.12 2807 3118.89 3430.78 3742.67 4054.56 4366.45 
