idx xloc yloc reus1 reus2 reus3 nonreus servicetime periodic costs(1--3)
0 25.8744 23.0443 2 1 2 674 4.96286 695.486 1390.97 2086.46 2781.95 3477.43 4172.92 
1 32.3723 27.5541 1 3 1 645 2.83633 782.479 1564.96 2347.44 3129.92 3912.4 4694.88 
2 35.286 24.8163 2 1 1 620 2.88897 415.415 830.829 1246.24 1661.66 2077.07 2492.49 
3 34.5427 21.8273 3 3 1 466 3.90193 787.465 1574.93 2362.4 3149.86 3937.33 4724.79 
4 39.5599 38.7429 1 3 2 543 3.87248 0 0 0 0 0 0 
5 35.8293 34.5588 1 1 1 495 2.31542 862.472 1724.94 2587.42 3449.89 4312.36 5174.83 
6 26.0084 25.7645 1 1 3 751 2.32057 0 0 0 0 0 0 
7 31.4735 28.8021 3 3 1 466 2.44385 653.542 1307.08 1960.63 2614.17 3267.71 3921.25 
8 31.2284 37.7673 3 3 3 506 4.76532 0 0 0 0 0 0 
9 31.1333 32.5995 3 2 1 684 3.28948 965.454 1930.91 2896.36 3861.81 4827.27 5792.72 
10 20.5155 39.682 1 2 3 544 4.06832 854.097 1708.19 2562.29 3416.39 4270.49 5124.58 
11 31.4226 33.9221 3 3 2 414 3.17675 103.632 207.264 310.897 414.529 518.161 621.793 
12 36.4815 37.4603 1 3 3 419 3.29283 618.957 1237.91 1856.87 2475.83 3094.79 3713.74 
13 34.3992 22.0803 2 3 2 769 2.22541 272.615 545.231 817.846 1090.46 1363.08 1635.69 
14 34.0855 31.4213 3 2 2 720 4.46573 832.31 1664.62 2496.93 3329.24 4161.55 4993.86 
15 32.5517 25.7742 3 1 3 490 3.42564 206.515 413.029 619.544 826.059 1032.57 1239.09 
16 39.3214 22.7186 3 3 3 704 3.50569 653.014 1306.03 1959.04 2612.06 3265.07 3918.08 
17 29.0456 38.7707 2 1 1 615 3.47542 111.623 223.246 334.869 446.492 558.115 669.738 
18 31.0247 30.6405 2 1 2 673 2.95307 230.135 460.271 690.406 920.541 1150.68 1380.81 
19 21.6423 20.1476 1 3 2 418 2.55261 359.832 719.665 1079.5 1439.33 1799.16 2158.99 
20 25.5958 27.2339 2 3 2 588 3.97282 773.158 1546.32 2319.47 3092.63 3865.79 4638.95 
21 24.1497 30.3864 1 1 3 707 3.41507 0 0 0 0 0 0 
22 28.1898 38.8766 1 3 2 596 2.07787 0 0 0 0 0 0 
