idx xloc yloc reus1 reus2 reus3 nonreus servicetime periodic costs(1--3)
0 38.144 20.1004 2 3 3 656 4.99553 419.85 839.701 1259.55 1679.4 2099.25 2519.1 
1 28.639 25.1134 3 1 1 755 3.83123 872.4 1744.8 2617.2 3489.6 4362 5234.4 
2 29.6656 29.4762 2 1 1 721 2.70503 669.709 1339.42 2009.13 2678.84 3348.55 4018.25 
3 23.6025 20.9421 2 1 2 568 4.83232 963.875 1927.75 2891.63 3855.5 4819.38 5783.25 
4 38.344 29.5848 2 2 1 547 3.46463 0 0 0 0 0 0 
5 24.7434 33.7491 1 3 1 519 4.18253 480.515 961.03 1441.55 1922.06 2402.58 2883.09 
6 30.947 23.5108 1 3 2 432 4.00556 956.194 1912.39 2868.58 3824.77 4780.97 5737.16 
7 31.3781 26.9712 2 3 1 414 3.79134 727.755 1455.51 2183.26 2911.02 3638.77 4366.53 
8 25.75 30.7618 1 3 3 782 3.52885 922.947 1845.89 2768.84 3691.79 4614.73 5537.68 
9 33.9628 25.1163 2 2 2 523 3.09687 706.783 1413.57 2120.35 2827.13 3533.92 4240.7 
10 35.358 30.1261 1 1 2 777 3.77859 0 0 0 0 0 0 
11 26.7423 33.7458 3 2 3 535 2.52502 0 0 0 0 0 0 
12 30.4664 23.4271 2 2 1 731 4.5994 681.527 1363.05 2044.58 2726.11 3407.63 4089.16 
13 24.9273 37.6421 2 3 2 561 3.56113 550.279 1100.56 1650.84 2201.12 2751.39 3301.67 
14 29.3535 28.8155 1 1 1 699 3.0393 258.732 517.465 776.197 1034.93 1293.66 1552.39 
15 35.4598 26.7754 3 3 2 473 2.88869 0 0 0 0 0 0 
16 39.6485 27.8527 2 1 3 457 2.22433 0 0 0 0 0 0 
17 36.7673 23.6733 2 3 3 458 3.39191 445.045 890.089 1335.13 1780.18 2225.22 2670.27 
18 22.741 31.3065 2 3 2 717 4.78284 294.601 589.203 883.804 1178.41 1473.01 1767.61 
19 31.6876 37.6927 2 1 1 526 3.44825 0 0 0 0 0 0 
20 22.3634 28.3696 1 1 2 765 3.98732 185.764 371.527 557.291 743.055 928.818 1114.58 
21 28.624 27.5941 1 3 2 702 4.58856 631.834 1263.67 1895.5 2527.33 3159.17 3791 
22 24.6896 35.7781 3 3 2 484 3.92265 65.9768 131.954 197.93 263.907 329.884 395.861 
