idx xloc yloc reus1 reus2 reus3 nonreus servicetime periodic costs(1--3)
0 24.6134 39.4975 3 3 2 671 4.64589 520.758 1041.52 1562.27 2083.03 2603.79 3124.55 
1 33.35 21.8245 3 2 2 720 2.12382 354.66 709.321 1063.98 1418.64 1773.3 2127.96 
2 31.5247 29.3192 3 2 2 546 3.35882 180.5 361 541.501 722.001 902.501 1083 
3 22.9493 28.9365 2 1 3 693 3.98896 0 0 0 0 0 0 
4 35.1997 35.5053 1 1 2 672 3.12234 0 0 0 0 0 0 
5 31.7408 20.6612 2 1 2 662 2.12517 881.396 1762.79 2644.19 3525.58 4406.98 5288.37 
6 35.6587 24.5054 3 1 2 780 3.00577 618.707 1237.41 1856.12 2474.83 3093.53 3712.24 
7 26.4805 36.0663 3 1 2 652 2.3534 989.599 1979.2 2968.8 3958.39 4947.99 5937.59 
8 32.3112 21.7668 3 2 1 800 2.00209 0 0 0 0 0 0 
9 21.0211 24.5745 1 2 2 791 2.01444 910.654 1821.31 2731.96 3642.61 4553.27 5463.92 
10 37.0077 29.6397 2 1 2 502 3.34047 725.268 1450.54 2175.8 2901.07 3626.34 4351.61 
11 39.3037 38.2433 3 2 2 736 4.75879 508.401 1016.8 1525.2 2033.6 2542.01 3050.41 
12 27.718 34.2317 3 3 2 424 2.26901 0 0 0 0 0 0 
13 22.7548 30.4286 3 2 3 428 2.05619 610.585 1221.17 1831.76 2442.34 3052.93 3663.51 
14 20.4513 21.8448 1 1 3 675 3.72238 280.278 560.556 840.834 1121.11 1401.39 1681.67 
15 29.5269 34.086 3 2 2 564 3.93839 0 0 0 0 0 0 
16 30.7664 30.9662 2 2 2 563 2.44842 0 0 0 0 0 0 
17 30.3102 21.8295 1 3 2 463 3.78521 656.02 1312.04 1968.06 2624.08 3280.1 3936.12 
18 31.463 33.8062 3 2 3 573 3.39749 229.011 458.022 687.033 916.044 1145.06 1374.07 
19 35.7319 37.2258 1 1 2 478 4.4881 0 0 0 0 0 0 
20 34.4889 36.1069 3 3 3 784 4.48424 638.451 1276.9 1915.35 2553.8 3192.26 3830.71 
21 26.6567 39.077 3 1 1 585 2.55 0 0 0 0 0 0 
22 24.4534 30.3786 2 1 1 623 2.7772 236.994 473.987 710.981 947.975 1184.97 1421.96 
