idx xloc yloc reus1 reus2 reus3 nonreus servicetime periodic costs(1--3)
0 38.5212 24.3271 1 2 3 638 3.62175 0 0 0 0 
1 21.3697 35.3997 1 3 1 766 3.7177 0 0 0 0 
2 28.2504 33.6168 1 2 3 595 3.84068 434.156 868.312 1302.47 1736.62 
3 27.1557 39.6193 1 1 2 473 2.01507 857.968 1715.94 2573.91 3431.87 
4 29.796 34.0492 1 1 2 796 2.2648 0 0 0 0 
5 22.7471 29.9406 2 1 1 641 4.31165 77.3724 154.745 232.117 309.49 
6 39.9899 35.2739 2 2 2 623 2.84589 682.088 1364.18 2046.26 2728.35 
7 20.2779 35.1586 2 2 3 652 2.78049 716.208 1432.42 2148.62 2864.83 
8 22.8836 29.2152 1 2 1 414 2.2802 723.501 1447 2170.5 2894 
9 27.1365 24.2095 1 3 1 624 3.66226 280.31 560.621 840.931 1121.24 
