idx xloc yloc reus1 reus2 reus3 nonreus servicetime periodic costs(1--3)
0 33.4591 35.174 1 3 3 583 2.12121 177.479 354.959 532.438 709.917 
1 21.3099 25.7349 3 2 3 717 2.35285 370.336 740.673 1111.01 1481.35 
2 39.8676 21.6062 3 2 1 462 2.55997 735.72 1471.44 2207.16 2942.88 
3 25.4686 28.1806 2 2 2 456 3.57429 272.216 544.432 816.648 1088.86 
4 20.717 34.4141 2 1 1 716 4.6141 0 0 0 0 
5 32.1305 35.8023 3 2 3 582 2.67676 64.9678 129.936 194.903 259.871 
6 23.391 33.3681 2 3 3 739 3.9936 875.86 1751.72 2627.58 3503.44 
7 37.667 24.6013 2 1 1 586 2.20521 0 0 0 0 
8 36.5529 36.9431 1 2 1 528 3.37108 421.914 843.827 1265.74 1687.65 
9 32.6607 35.2182 2 1 2 549 2.63467 882.568 1765.14 2647.7 3530.27 
