idx xloc yloc reus1 reus2 reus3 nonreus servicetime periodic costs(1--3)
0 26.9201 25.2302 1 3 3 461 3.16315 787.822 1575.64 2363.47 3151.29 
1 36.9195 22.7693 1 2 3 680 3.6772 0 0 0 0 
2 20.9525 23.1352 2 2 2 760 2.38811 293.598 587.197 880.795 1174.39 
3 38.1283 37.6311 1 1 3 506 4.7252 0 0 0 0 
4 33.2058 39.9255 2 3 2 569 2.54275 773.252 1546.5 2319.76 3093.01 
5 38.2114 32.9156 3 1 2 433 2.56969 0 0 0 0 
6 20.2923 36.1636 2 2 3 472 2.04944 565.744 1131.49 1697.23 2262.98 
7 32.8909 20.8122 3 2 2 709 3.47648 0 0 0 0 
8 26.443 37.3238 2 3 1 773 3.8885 697.505 1395.01 2092.52 2790.02 
9 32.7923 31.768 3 1 2 430 3.54768 274.045 548.089 822.134 1096.18 
