idx xloc yloc reus1 reus2 reus3 nonreus servicetime periodic costs(1--3)
0 32.06 24.1207 2 2 3 462 2.12966 0 0 0 0 
1 38.2326 29.9849 3 2 1 770 4.9941 431.065 862.129 1293.19 1724.26 
2 38.6384 20.4169 3 3 3 756 2.15572 914.009 1828.02 2742.03 3656.04 
3 39.6204 24.3254 1 1 2 656 2.19027 842.033 1684.07 2526.1 3368.13 
4 33.4586 30.7047 3 3 3 733 4.59094 173.101 346.202 519.303 692.404 
5 20.842 23.0577 2 1 2 772 4.03692 994.44 1988.88 2983.32 3977.76 
6 21.2121 23.7459 2 3 2 510 2.04785 0 0 0 0 
7 23.5285 33.7238 1 1 2 758 2.38002 93.9053 187.811 281.716 375.621 
8 35.5997 24.6936 1 2 3 447 4.38783 372.807 745.613 1118.42 1491.23 
9 25.7429 34.2579 1 3 2 485 4.43587 306.379 612.759 919.138 1225.52 
10 26.141 23.6904 2 3 3 498 3.92552 328.925 657.85 986.775 1315.7 
11 26.7676 33.6266 1 1 1 652 3.10539 902.182 1804.36 2706.55 3608.73 
12 39.936 35.3639 1 3 2 657 2.07824 662.688 1325.38 1988.06 2650.75 
13 22.0521 23.9661 2 3 3 492 2.76571 805.262 1610.52 2415.79 3221.05 
14 23.7108 39.5904 2 1 1 404 3.15165 188.858 377.715 566.573 755.431 
