idx xloc yloc reus1 reus2 reus3 nonreus servicetime periodic costs(1--3)
0 24.8222 25.1521 1 1 2 570 2.10847 0 0 0 0 
1 20.4186 20.3738 3 2 3 749 2.63894 144.473 288.945 433.418 577.891 
2 31.4076 33.0605 2 3 1 454 3.20402 125.168 250.337 375.505 500.674 
3 24.8342 31.1194 2 1 2 616 3.38046 881.112 1762.22 2643.33 3524.45 
4 36.3443 33.8277 3 3 2 729 3.09429 963.481 1926.96 2890.44 3853.92 
5 23.4479 24.8974 2 2 3 729 2.49873 58.8505 117.701 176.552 235.402 
6 26.2842 39.9464 3 2 1 734 4.26837 996.794 1993.59 2990.38 3987.18 
7 39.113 20.4298 2 2 3 688 4.84829 299.601 599.203 898.804 1198.41 
8 35.8984 32.2548 1 2 1 526 3.70226 111.258 222.515 333.773 445.03 
9 25.6552 31.9287 2 2 3 519 3.29278 0 0 0 0 
10 28.6686 29.8913 2 3 2 525 2.58761 0 0 0 0 
11 26.0869 34.5004 1 2 3 518 3.15796 0 0 0 0 
12 32.5004 22.5844 3 3 3 744 4.91606 0 0 0 0 
13 24.1897 37.6266 3 1 3 705 3.08023 857.025 1714.05 2571.08 3428.1 
14 31.7317 31.0038 3 1 3 688 2.59672 0 0 0 0 
