idx xloc yloc reus1 reus2 reus3 nonreus servicetime periodic costs(1--3)
0 23.3155 20.7734 1 3 2 669 3.27891 230.905 461.81 692.715 923.62 
1 23.8339 35.4946 3 1 1 405 2.15256 908.253 1816.51 2724.76 3633.01 
2 28.9271 21.6897 3 2 2 621 2.84007 491.262 982.523 1473.79 1965.05 
3 26.886 35.8459 3 2 1 589 4.72286 543.074 1086.15 1629.22 2172.3 
4 25.341 39.5483 1 3 1 415 3.40276 830.634 1661.27 2491.9 3322.53 
5 36.5352 30.6037 2 3 1 439 2.48059 700.907 1401.81 2102.72 2803.63 
6 38.2698 27.9013 1 3 3 658 4.12256 366.618 733.237 1099.86 1466.47 
7 37.9879 22.7297 1 1 1 441 3.29249 154.277 308.555 462.832 617.109 
8 35.7782 22.3018 1 1 3 581 4.36091 99.3228 198.646 297.969 397.291 
9 36.5875 36.1245 1 1 3 740 2.64543 307.108 614.216 921.324 1228.43 
10 21.7065 32.421 1 1 1 608 4.20714 438.737 877.475 1316.21 1754.95 
11 29.2866 22.9657 3 3 2 670 3.37181 853.226 1706.45 2559.68 3412.9 
12 37.3695 22.3432 2 3 2 417 4.19669 490.207 980.414 1470.62 1960.83 
13 28.9602 36.73 3 1 2 644 4.57824 119.423 238.846 358.269 477.692 
14 23.9214 26.9303 1 3 2 468 3.05094 563.204 1126.41 1689.61 2252.82 
