idx xloc yloc reus1 reus2 reus3 nonreus servicetime periodic costs(1--3)
0 25.7135 32.4946 2 1 3 524 2.45593 391.742 783.484 1175.23 1566.97 1958.71 2350.45 2742.19 3133.94 
1 36.033 28.9767 2 2 3 562 4.89663 759.035 1518.07 2277.1 3036.14 3795.17 4554.21 5313.24 6072.28 
2 33.9351 36.9184 2 2 2 651 3.47463 993.884 1987.77 2981.65 3975.53 4969.42 5963.3 6957.19 7951.07 
3 35.3549 24.6476 2 1 3 498 3.17723 719.042 1438.08 2157.13 2876.17 3595.21 4314.25 5033.29 5752.33 
4 21.5367 20.7626 2 1 2 421 2.77549 924.476 1848.95 2773.43 3697.9 4622.38 5546.85 6471.33 7395.81 
5 30.4857 32.5649 2 2 3 524 3.09793 87.7323 175.465 263.197 350.929 438.661 526.394 614.126 701.858 
6 37.5301 31.1515 2 2 3 492 3.55605 936.295 1872.59 2808.88 3745.18 4681.47 5617.77 6554.06 7490.36 
7 21.2933 20.6511 3 1 1 504 3.84894 571.038 1142.08 1713.11 2284.15 2855.19 3426.23 3997.26 4568.3 
8 32.3242 31.1833 2 3 1 404 4.16558 650.829 1301.66 1952.49 2603.32 3254.14 3904.97 4555.8 5206.63 
9 30.2391 38.2737 2 3 1 519 3.26432 390.586 781.172 1171.76 1562.34 1952.93 2343.52 2734.1 3124.69 
10 39.3567 28.2467 2 2 2 738 4.39916 638.393 1276.79 1915.18 2553.57 3191.97 3830.36 4468.75 5107.15 
11 38.271 39.365 1 3 3 415 4.14067 636.518 1273.04 1909.55 2546.07 3182.59 3819.11 4455.63 5092.14 
12 34.2348 22.2576 1 1 2 595 2.78723 376.475 752.95 1129.42 1505.9 1882.37 2258.85 2635.32 3011.8 
13 35.6342 36.6304 1 2 2 672 4.95916 0 0 0 0 0 0 0 0 
14 21.8255 23.6438 1 1 2 652 2.56062 239.215 478.43 717.645 956.86 1196.08 1435.29 1674.51 1913.72 
15 21.4831 26.1644 2 3 3 717 3.23456 277.809 555.618 833.426 1111.24 1389.04 1666.85 1944.66 2222.47 
16 39.0263 30.2657 3 2 2 729 2.41355 0 0 0 0 0 0 0 0 
17 24.9652 37.4147 2 2 2 413 4.19532 730.823 1461.65 2192.47 2923.29 3654.12 4384.94 5115.76 5846.59 
18 23.2156 38.589 1 3 2 518 2.26057 814.418 1628.84 2443.25 3257.67 4072.09 4886.51 5700.92 6515.34 
19 34.6364 35.182 3 1 2 594 4.58043 644.55 1289.1 1933.65 2578.2 3222.75 3867.3 4511.85 5156.4 
20 20.5769 34.6544 3 3 1 572 2.52106 494.76 989.52 1484.28 1979.04 2473.8 2968.56 3463.32 3958.08 
21 36.5298 27.9987 3 2 2 787 4.04681 271.432 542.865 814.297 1085.73 1357.16 1628.59 1900.03 2171.46 
22 37.1079 34.8889 2 3 2 584 2.70023 765.872 1531.74 2297.62 3063.49 3829.36 4595.23 5361.1 6126.98 
23 28.7955 28.241 1 2 3 794 3.20458 790.464 1580.93 2371.39 3161.86 3952.32 4742.78 5533.25 6323.71 
24 23.742 20.7929 2 2 2 669 3.80775 789.608 1579.22 2368.82 3158.43 3948.04 4737.65 5527.26 6316.86 
25 30.6352 34.9136 1 1 2 505 3.79348 639.654 1279.31 1918.96 2558.62 3198.27 3837.92 4477.58 5117.23 
26 24.6856 30.8919 2 2 2 750 4.15944 0 0 0 0 0 0 0 0 
27 27.1231 24.5806 3 2 1 670 2.08526 726.405 1452.81 2179.22 2905.62 3632.03 4358.43 5084.84 5811.24 
28 32.3498 37.0946 1 1 3 401 2.70654 755.451 1510.9 2266.35 3021.81 3777.26 4532.71 5288.16 6043.61 
