idx xloc yloc reus1 reus2 reus3 nonreus servicetime periodic costs(1--3)
0 28.1366 30.3353 2 3 3 599 4.54626 529.368 1058.74 1588.11 2117.47 2646.84 3176.21 3705.58 4234.95 
1 34.1331 28.062 3 3 2 743 3.92774 345.183 690.365 1035.55 1380.73 1725.91 2071.1 2416.28 2761.46 
2 33.5244 34.184 1 3 3 404 2.45102 512.871 1025.74 1538.61 2051.48 2564.36 3077.23 3590.1 4102.97 
3 33.1443 26.2604 3 1 3 616 2.80614 835.449 1670.9 2506.35 3341.8 4177.25 5012.69 5848.14 6683.59 
4 32.5934 35.5677 3 1 3 420 2.14793 64.8602 129.72 194.581 259.441 324.301 389.161 454.022 518.882 
5 37.6261 34.9105 1 1 1 513 4.70419 341.982 683.964 1025.95 1367.93 1709.91 2051.89 2393.87 2735.85 
6 21.6953 33.7491 3 3 2 421 2.88675 0 0 0 0 0 0 0 0 
7 22.767 28.7108 1 2 1 593 3.96357 651.607 1303.21 1954.82 2606.43 3258.03 3909.64 4561.25 5212.85 
8 33.3694 32.4783 3 2 2 642 3.95329 0 0 0 0 0 0 0 0 
9 22.1952 36.2543 3 3 1 494 3.77652 969.458 1938.92 2908.37 3877.83 4847.29 5816.75 6786.21 7755.67 
10 21.4464 25.5523 2 3 3 491 2.52066 0 0 0 0 0 0 0 0 
11 38.0437 22.5357 1 2 2 662 2.71744 112.628 225.256 337.884 450.513 563.141 675.769 788.397 901.025 
12 26.2587 21.8174 2 2 1 461 2.56476 951.435 1902.87 2854.31 3805.74 4757.18 5708.61 6660.05 7611.48 
13 27.6856 28.7148 2 2 3 684 4.07461 135.121 270.243 405.364 540.486 675.607 810.729 945.85 1080.97 
14 38.7525 22.9692 2 3 1 688 3.14529 690.551 1381.1 2071.65 2762.2 3452.75 4143.31 4833.86 5524.41 
15 38.4927 34.345 1 3 3 407 3.48369 698.633 1397.27 2095.9 2794.53 3493.17 4191.8 4890.43 5589.07 
16 27.2649 21.0922 1 1 3 411 4.74869 457.966 915.932 1373.9 1831.86 2289.83 2747.79 3205.76 3663.73 
17 30.2796 29.8175 2 3 1 518 4.65434 236.207 472.414 708.621 944.827 1181.03 1417.24 1653.45 1889.65 
18 29.5487 30.642 1 2 2 406 2.42834 118.778 237.556 356.335 475.113 593.891 712.669 831.447 950.226 
19 22.761 25.4656 1 2 3 419 3.01599 0 0 0 0 0 0 0 0 
20 39.2625 25.2049 1 1 2 617 2.62097 838.932 1677.86 2516.79 3355.73 4194.66 5033.59 5872.52 6711.45 
21 24.6574 31.6641 3 1 2 400 3.50939 0 0 0 0 0 0 0 0 
22 20.7249 27.3867 1 2 1 665 3.73962 291.724 583.447 875.171 1166.89 1458.62 1750.34 2042.07 2333.79 
23 26.5758 30.5666 3 1 3 666 3.08477 0 0 0 0 0 0 0 0 
24 21.8709 28.2686 1 2 2 629 2.5577 348.017 696.035 1044.05 1392.07 1740.09 2088.1 2436.12 2784.14 
25 23.9078 21.8283 3 1 3 472 3.22377 0 0 0 0 0 0 0 0 
26 37.7393 38.1994 1 1 1 473 2.35353 829.692 1659.38 2489.08 3318.77 4148.46 4978.15 5807.84 6637.53 
27 37.3724 24.5047 3 2 3 671 3.15014 0 0 0 0 0 0 0 0 
28 21.2022 38.8134 1 3 1 694 2.37026 61.7692 123.538 185.308 247.077 308.846 370.615 432.384 494.154 
