idx xloc yloc reus1 reus2 reus3 nonreus servicetime periodic costs(1--3)
0 29.9702 28.3537 2 3 2 788 2.88879 216.8 433.6 650.401 867.201 1084 1300.8 1517.6 1734.4 
1 20.0847 21.6194 1 3 2 473 4.72739 0 0 0 0 0 0 0 0 
2 26.7727 31.7116 2 2 1 412 3.00279 843.45 1686.9 2530.35 3373.8 4217.25 5060.7 5904.15 6747.6 
3 31.9839 36.2094 3 2 2 565 3.2648 695.986 1391.97 2087.96 2783.94 3479.93 4175.91 4871.9 5567.89 
4 25.2803 39.3172 2 3 2 410 3.06321 645.782 1291.56 1937.34 2583.13 3228.91 3874.69 4520.47 5166.25 
5 36.5897 29.2642 1 2 1 648 4.69449 0 0 0 0 0 0 0 0 
6 21.4387 22.8303 3 3 3 751 3.99426 0 0 0 0 0 0 0 0 
7 36.5275 28.6892 3 1 2 575 3.28045 0 0 0 0 0 0 0 0 
8 29.9738 23.0775 2 2 1 420 4.96166 0 0 0 0 0 0 0 0 
9 29.4844 23.2626 1 2 2 579 2.48796 720.518 1441.04 2161.55 2882.07 3602.59 4323.11 5043.62 5764.14 
10 32.7837 29.1146 3 2 1 739 2.95331 0 0 0 0 0 0 0 0 
11 30.1283 28.0576 2 3 2 725 4.73905 383.959 767.918 1151.88 1535.84 1919.79 2303.75 2687.71 3071.67 
12 23.3017 29.9958 2 1 3 510 3.77644 385.199 770.398 1155.6 1540.8 1926 2311.19 2696.39 3081.59 
13 27.3024 27.3174 2 1 1 726 3.99489 545.716 1091.43 1637.15 2182.86 2728.58 3274.29 3820.01 4365.72 
14 32.8867 34.7929 2 2 1 656 4.12404 812.319 1624.64 2436.96 3249.27 4061.59 4873.91 5686.23 6498.55 
15 31.3304 24.8142 2 2 1 628 3.82863 961.13 1922.26 2883.39 3844.52 4805.65 5766.78 6727.91 7689.04 
16 29.1719 31.255 2 1 3 702 2.25361 572.054 1144.11 1716.16 2288.22 2860.27 3432.33 4004.38 4576.43 
17 34.3858 38.473 1 3 2 536 2.74539 489.183 978.366 1467.55 1956.73 2445.92 2935.1 3424.28 3913.46 
18 21.1868 38.0694 1 1 1 517 3.32862 613.67 1227.34 1841.01 2454.68 3068.35 3682.02 4295.69 4909.36 
19 37.8223 23.4874 3 1 2 422 4.15491 427.036 854.071 1281.11 1708.14 2135.18 2562.21 2989.25 3416.28 
20 38.4536 25.2845 2 1 1 516 4.00974 410.377 820.755 1231.13 1641.51 2051.89 2462.26 2872.64 3283.02 
21 39.1132 28.486 3 1 2 746 4.81773 730.871 1461.74 2192.61 2923.49 3654.36 4385.23 5116.1 5846.97 
22 25.2556 27.699 2 3 2 748 3.37644 424.545 849.09 1273.63 1698.18 2122.72 2547.27 2971.81 3396.36 
23 26.1364 35.1087 3 3 3 643 3.154 551.35 1102.7 1654.05 2205.4 2756.75 3308.1 3859.45 4410.8 
24 27.7803 39.5015 1 3 3 740 3.62928 0 0 0 0 0 0 0 0 
25 34.0603 38.2005 2 3 1 730 2.54629 0 0 0 0 0 0 0 0 
26 38.6132 33.4987 2 2 2 442 3.07945 367.987 735.974 1103.96 1471.95 1839.93 2207.92 2575.91 2943.89 
27 22.7428 23.0274 3 1 3 786 3.57303 974.692 1949.38 2924.08 3898.77 4873.46 5848.15 6822.85 7797.54 
28 27.4706 35.0511 3 3 3 614 4.70191 607.043 1214.09 1821.13 2428.17 3035.22 3642.26 4249.3 4856.35 
