idx xloc yloc reus1 reus2 reus3 nonreus servicetime periodic costs(1--3)
0 30.281 25.6386 3 3 2 443 4.21882 916.709 1833.42 2750.13 3666.84 4583.55 5500.26 6416.96 7333.67 
1 27.1384 26.4099 3 3 2 574 2.68361 186.413 372.825 559.238 745.651 932.063 1118.48 1304.89 1491.3 
2 36.069 34.0253 2 3 1 649 4.65994 343.799 687.599 1031.4 1375.2 1719 2062.8 2406.6 2750.4 
3 38.095 32.7148 1 1 3 496 2.24928 89.4708 178.942 268.412 357.883 447.354 536.825 626.295 715.766 
4 30.3028 27.1443 3 2 2 553 3.49397 370.126 740.253 1110.38 1480.51 1850.63 2220.76 2590.89 2961.01 
5 21.7935 30.5068 1 3 1 590 4.07774 698.098 1396.2 2094.3 2792.39 3490.49 4188.59 4886.69 5584.79 
6 26.8949 25.4332 1 1 2 739 4.11025 566.314 1132.63 1698.94 2265.25 2831.57 3397.88 3964.19 4530.51 
7 21.486 29.1595 3 2 1 799 2.72119 662.262 1324.52 1986.78 2649.05 3311.31 3973.57 4635.83 5298.09 
8 35.3232 25.2372 3 1 2 795 3.27416 609.512 1219.02 1828.53 2438.05 3047.56 3657.07 4266.58 4876.09 
9 33.3347 25.2902 3 1 3 425 4.14972 205.934 411.867 617.801 823.735 1029.67 1235.6 1441.54 1647.47 
10 20.6459 20.8595 3 3 3 738 4.35945 586.242 1172.48 1758.72 2344.97 2931.21 3517.45 4103.69 4689.93 
11 25.0994 20.4245 1 3 2 731 4.32104 913.388 1826.78 2740.16 3653.55 4566.94 5480.33 6393.72 7307.1 
12 23.5499 28.4937 1 3 2 459 2.5053 988.953 1977.91 2966.86 3955.81 4944.77 5933.72 6922.67 7911.63 
13 25.8041 22.0078 2 3 2 685 3.45233 0 0 0 0 0 0 0 0 
14 25.946 35.2109 3 3 1 665 2.19 970.91 1941.82 2912.73 3883.64 4854.55 5825.46 6796.37 7767.28 
15 38.4905 20.247 2 3 1 487 3.65592 317.737 635.474 953.211 1270.95 1588.68 1906.42 2224.16 2541.9 
16 20.1664 25.4285 3 3 1 655 2.01622 645.529 1291.06 1936.59 2582.12 3227.65 3873.17 4518.7 5164.23 
17 23.9872 28.7266 3 2 1 576 3.20876 561.078 1122.16 1683.23 2244.31 2805.39 3366.47 3927.55 4488.62 
18 25.5653 20.9654 3 1 3 617 3.567 436.423 872.846 1309.27 1745.69 2182.11 2618.54 3054.96 3491.38 
19 36.8025 37.7909 1 1 3 620 3.60718 889.069 1778.14 2667.21 3556.27 4445.34 5334.41 6223.48 7112.55 
20 27.6477 34.0034 3 2 1 506 2.36769 601.825 1203.65 1805.48 2407.3 3009.13 3610.95 4212.78 4814.6 
21 25.4449 23.2267 2 2 3 545 4.73108 823.185 1646.37 2469.56 3292.74 4115.93 4939.11 5762.3 6585.48 
22 36.7653 20.4169 3 2 2 457 3.83617 359.783 719.565 1079.35 1439.13 1798.91 2158.7 2518.48 2878.26 
23 38.0968 37.6808 2 3 1 607 2.99713 755.19 1510.38 2265.57 3020.76 3775.95 4531.14 5286.33 6041.52 
24 25.3556 38.8264 2 1 1 757 3.43596 589.152 1178.3 1767.46 2356.61 2945.76 3534.91 4124.06 4713.22 
25 27.5427 33.6068 2 1 3 480 3.67395 135.44 270.881 406.321 541.762 677.202 812.642 948.083 1083.52 
