idx xloc yloc reus1 reus2 reus3 nonreus servicetime periodic costs(1--3)
0 33.149 39.7921 3 1 1 613 4.20466 265.242 530.484 795.727 1060.97 1326.21 1591.45 1856.7 2121.94 
1 35.4723 25.294 1 2 3 504 3.02549 0 0 0 0 0 0 0 0 
2 35.003 37.2897 3 3 3 755 2.8874 51.5643 103.129 154.693 206.257 257.821 309.386 360.95 412.514 
3 22.1127 32.4663 2 2 2 445 3.22902 783.444 1566.89 2350.33 3133.78 3917.22 4700.66 5484.11 6267.55 
4 28.1999 35.787 3 2 1 776 4.43214 846.837 1693.67 2540.51 3387.35 4234.18 5081.02 5927.86 6774.7 
5 23.852 28.4355 1 1 2 466 2.65932 0 0 0 0 0 0 0 0 
6 25.0865 27.9725 2 1 2 427 2.23912 256.463 512.926 769.389 1025.85 1282.32 1538.78 1795.24 2051.7 
7 37.4848 21.3458 2 2 2 645 2.60927 454.801 909.602 1364.4 1819.2 2274.01 2728.81 3183.61 3638.41 
8 34.0725 37.3132 3 3 3 598 2.17142 0 0 0 0 0 0 0 0 
9 29.5397 20.538 3 1 2 607 2.04861 979.98 1959.96 2939.94 3919.92 4899.9 5879.88 6859.86 7839.84 
10 26.4211 27.726 3 3 3 403 4.14896 245.364 490.727 736.091 981.454 1226.82 1472.18 1717.55 1962.91 
11 38.5745 32.911 1 1 2 563 4.12095 905.864 1811.73 2717.59 3623.46 4529.32 5435.19 6341.05 7246.91 
12 38.6432 27.252 3 2 3 630 2.11541 545.819 1091.64 1637.46 2183.28 2729.1 3274.92 3820.74 4366.55 
13 20.8665 38.9557 1 3 2 585 4.53162 804.253 1608.51 2412.76 3217.01 4021.26 4825.52 5629.77 6434.02 
14 29.8345 22.7753 2 1 2 506 3.91183 722.549 1445.1 2167.65 2890.2 3612.75 4335.3 5057.84 5780.39 
15 30.6509 25.3575 2 2 2 776 3.19644 0 0 0 0 0 0 0 0 
16 24.3595 27.5569 2 2 2 668 3.30958 83.0431 166.086 249.129 332.172 415.215 498.258 581.302 664.345 
17 33.1748 24.6846 2 2 1 707 4.67275 955.385 1910.77 2866.15 3821.54 4776.92 5732.31 6687.69 7643.08 
18 35.2083 25.8983 1 2 2 561 3.58647 666.268 1332.54 1998.8 2665.07 3331.34 3997.61 4663.87 5330.14 
19 26.8518 35.0501 3 3 1 774 3.47961 809.118 1618.24 2427.35 3236.47 4045.59 4854.71 5663.82 6472.94 
20 32.3166 36.3076 1 3 3 681 2.42791 0 0 0 0 0 0 0 0 
21 27.7093 30.9371 2 3 1 499 3.43675 446.284 892.567 1338.85 1785.13 2231.42 2677.7 3123.98 3570.27 
22 24.2998 36.3445 2 2 3 759 2.90081 472.896 945.793 1418.69 1891.59 2364.48 2837.38 3310.27 3783.17 
23 20.9234 24.5407 1 2 3 618 4.13609 0 0 0 0 0 0 0 0 
24 36.9883 37.949 1 1 3 437 3.26975 871.505 1743.01 2614.51 3486.02 4357.52 5229.03 6100.53 6972.04 
25 27.5317 28.454 1 1 1 667 4.44332 245.654 491.309 736.963 982.617 1228.27 1473.93 1719.58 1965.23 
