idx xloc yloc reus1 reus2 reus3 nonreus servicetime periodic costs(1--3)
0 27.9845 27.1972 3 2 3 481 3.24837 86.6751 173.35 260.025 346.7 433.376 520.051 606.726 693.401 
1 31.9814 22.4004 2 3 3 735 3.52143 52.5776 105.155 157.733 210.31 262.888 315.465 368.043 420.621 
2 36.9529 20.3029 2 2 2 749 2.81816 0 0 0 0 0 0 0 0 
3 26.2673 27.6818 3 2 1 552 4.17102 459.368 918.736 1378.1 1837.47 2296.84 2756.21 3215.58 3674.94 
4 32.67 23.6125 1 3 1 639 4.82229 390.909 781.818 1172.73 1563.64 1954.55 2345.46 2736.36 3127.27 
5 22.6993 27.1612 2 1 3 653 2.56237 737.639 1475.28 2212.92 2950.56 3688.19 4425.83 5163.47 5901.11 
6 21.52 24.0509 1 1 2 778 4.65709 831.869 1663.74 2495.61 3327.48 4159.35 4991.22 5823.09 6654.96 
7 39.0325 20.2234 3 3 1 407 4.27768 0 0 0 0 0 0 0 0 
8 37.5036 38.084 1 3 3 658 2.82019 187.027 374.055 561.082 748.11 935.137 1122.16 1309.19 1496.22 
9 38.5198 33.1935 1 2 1 636 2.24791 0 0 0 0 0 0 0 0 
10 34.4002 32.5641 1 2 3 675 4.63921 738.784 1477.57 2216.35 2955.14 3693.92 4432.7 5171.49 5910.27 
11 29.9702 30.5492 2 2 2 607 2.64322 433.736 867.471 1301.21 1734.94 2168.68 2602.41 3036.15 3469.88 
12 20.7837 29.2156 2 1 3 510 3.64426 0 0 0 0 0 0 0 0 
13 23.4423 25.7443 3 3 3 655 4.68758 0 0 0 0 0 0 0 0 
14 35.4333 35.7655 2 1 1 423 2.71647 100.149 200.298 300.447 400.596 500.745 600.894 701.043 801.192 
15 27.6141 37.6886 2 1 1 530 2.19227 0 0 0 0 0 0 0 0 
16 26.5134 22.3585 2 3 3 742 4.87814 972.659 1945.32 2917.98 3890.64 4863.29 5835.95 6808.61 7781.27 
17 27.8369 27.4226 3 3 3 603 2.31079 184.185 368.371 552.556 736.742 920.927 1105.11 1289.3 1473.48 
18 35.4575 35.748 3 1 2 585 4.34955 996.146 1992.29 2988.44 3984.58 4980.73 5976.88 6973.02 7969.17 
19 22.4754 22.8312 1 3 1 555 4.8764 709.748 1419.5 2129.24 2838.99 3548.74 4258.49 4968.23 5677.98 
20 20.0285 27.4251 3 3 2 567 4.6257 0 0 0 0 0 0 0 0 
21 31.7618 39.423 1 3 3 538 4.69807 775.119 1550.24 2325.36 3100.48 3875.6 4650.72 5425.83 6200.95 
22 35.8223 36.2778 1 3 2 596 2.42172 70.1661 140.332 210.498 280.664 350.83 420.996 491.162 561.329 
23 25.2059 36.3701 3 3 2 487 3.69669 633.975 1267.95 1901.92 2535.9 3169.87 3803.85 4437.82 5071.8 
24 24.436 26.0339 3 2 3 771 4.46553 0 0 0 0 0 0 0 0 
25 35.2277 32.6737 2 3 1 699 4.95924 138.306 276.613 414.919 553.225 691.532 829.838 968.144 1106.45 
