idx xloc yloc reus1 reus2 reus3 nonreus servicetime periodic costs(1--3)
0 34.0054 32.3181 2 3 1 486 3.17908 357.087 714.174 1071.26 1428.35 1785.43 2142.52 2499.61 
1 26.0382 32.1322 1 2 1 792 3.64731 851.13 1702.26 2553.39 3404.52 4255.65 5106.78 5957.91 
2 20.6277 30.1285 2 3 3 460 4.27648 882.619 1765.24 2647.86 3530.47 4413.09 5295.71 6178.33 
3 26.8486 25.908 1 2 3 740 3.82539 216.764 433.527 650.291 867.054 1083.82 1300.58 1517.34 
4 32.1749 21.3136 1 1 1 529 4.50312 390.982 781.965 1172.95 1563.93 1954.91 2345.89 2736.88 
5 20.8705 29.881 2 1 1 508 2.57691 0 0 0 0 0 0 0 
6 26.9507 24.476 1 1 1 473 2.58423 824.405 1648.81 2473.22 3297.62 4122.03 4946.43 5770.84 
7 35.2992 36.1776 3 1 2 614 2.90811 522.951 1045.9 1568.85 2091.8 2614.75 3137.71 3660.66 
8 24.8135 20.1491 3 2 2 523 3.64999 425.544 851.089 1276.63 1702.18 2127.72 2553.27 2978.81 
9 23.3473 20.4708 3 2 2 681 2.41753 0 0 0 0 0 0 0 
10 23.1185 39.2602 2 2 3 553 3.13034 102.193 204.386 306.579 408.773 510.966 613.159 715.352 
11 38.7527 21.2971 3 3 2 643 3.85583 323.881 647.762 971.644 1295.52 1619.41 1943.29 2267.17 
12 31.3128 33.8455 3 3 3 451 4.35099 602.592 1205.18 1807.78 2410.37 3012.96 3615.55 4218.14 
13 23.2582 21.5862 1 1 2 461 2.34017 353.721 707.443 1061.16 1414.89 1768.61 2122.33 2476.05 
14 33.6052 27.4284 1 3 3 493 2.17285 519.731 1039.46 1559.19 2078.92 2598.65 3118.38 3638.11 
15 31.8195 32.1878 2 1 3 428 4.17189 525.699 1051.4 1577.1 2102.8 2628.49 3154.19 3679.89 
16 31.3146 31.6123 1 1 3 434 3.89588 672.663 1345.33 2017.99 2690.65 3363.31 4035.98 4708.64 
17 39.0279 24.099 1 2 3 418 4.71365 367.212 734.424 1101.64 1468.85 1836.06 2203.27 2570.48 
18 23.3073 20.161 1 1 3 742 4.88816 232.984 465.968 698.953 931.937 1164.92 1397.91 1630.89 
19 33.4953 20.6689 3 3 3 577 3.29466 239.228 478.456 717.684 956.912 1196.14 1435.37 1674.6 
20 38.277 29.2692 1 3 1 646 4.62442 232.602 465.203 697.805 930.407 1163.01 1395.61 1628.21 
21 26.7457 27.0699 3 1 1 637 3.63216 277.998 555.996 833.994 1111.99 1389.99 1667.99 1945.99 
22 38.7624 26.8015 3 2 3 664 3.91321 657.534 1315.07 1972.6 2630.14 3287.67 3945.21 4602.74 
23 20.808 31.4731 1 1 2 691 4.61908 643.757 1287.51 1931.27 2575.03 3218.78 3862.54 4506.3 
24 29.8648 38.2054 3 2 1 683 3.86103 56.3165 112.633 168.95 225.266 281.583 337.899 394.216 
25 21.5902 32.3972 1 3 3 634 3.3879 0 0 0 0 0 0 0 
