idx xloc yloc reus1 reus2 reus3 nonreus servicetime periodic costs(1--3)
0 27.8004 37.194 1 2 1 758 3.32188 0 0 0 0 0 0 0 
1 37.0628 38.5115 3 1 2 672 3.40197 350.211 700.422 1050.63 1400.84 1751.06 2101.27 2451.48 
2 24.4844 28.1771 2 1 3 744 3.4425 391.419 782.838 1174.26 1565.68 1957.09 2348.51 2739.93 
3 37.058 20.0177 3 1 2 626 4.39775 946.012 1892.02 2838.04 3784.05 4730.06 5676.07 6622.08 
4 29.4239 33.0394 2 1 1 666 4.88727 0 0 0 0 0 0 0 
5 31.2376 36.9251 2 2 3 578 3.04537 724.234 1448.47 2172.7 2896.93 3621.17 4345.4 5069.64 
6 21.6799 32.8394 3 2 3 796 2.03969 422.946 845.891 1268.84 1691.78 2114.73 2537.67 2960.62 
7 26.0582 37.355 1 2 3 762 2.3119 232.834 465.668 698.502 931.336 1164.17 1397 1629.84 
8 29.3179 38.4234 1 2 1 573 3.73695 73.9371 147.874 221.811 295.748 369.685 443.623 517.56 
9 25.2985 23.2669 2 3 2 503 4.05513 0 0 0 0 0 0 0 
10 22.0445 28.2354 1 2 2 577 3.51107 0 0 0 0 0 0 0 
11 25.3612 30.2237 1 3 2 532 2.45849 0 0 0 0 0 0 0 
12 26.7673 28.5731 3 2 3 415 2.37484 137.229 274.458 411.686 548.915 686.144 823.373 960.602 
13 23.267 30.5348 2 2 3 710 4.02213 291.145 582.29 873.434 1164.58 1455.72 1746.87 2038.01 
14 36.3943 36.9083 3 3 1 411 3.35112 0 0 0 0 0 0 0 
15 36.4733 32.1384 2 1 2 411 4.44468 0 0 0 0 0 0 0 
16 25.7794 29.0615 3 2 1 777 4.3486 777.91 1555.82 2333.73 3111.64 3889.55 4667.46 5445.37 
17 20.1347 31.3033 1 1 1 710 2.44934 769.906 1539.81 2309.72 3079.62 3849.53 4619.44 5389.34 
18 29.2551 26.2748 2 3 3 754 2.9711 0 0 0 0 0 0 0 
19 39.2817 37.6824 2 1 2 788 4.3171 388.849 777.697 1166.55 1555.39 1944.24 2333.09 2721.94 
20 33.7811 37.4527 3 3 3 729 3.34909 231.61 463.22 694.83 926.441 1158.05 1389.66 1621.27 
21 29.4545 20.6551 1 1 1 790 4.0032 990.927 1981.85 2972.78 3963.71 4954.63 5945.56 6936.49 
22 36.788 34.0549 3 2 1 497 4.14012 650.144 1300.29 1950.43 2600.58 3250.72 3900.86 4551.01 
23 35.1321 37.9032 1 3 1 671 3.19415 726.459 1452.92 2179.38 2905.83 3632.29 4358.75 5085.21 
24 39.8635 26.0555 1 1 2 771 2.02589 0 0 0 0 0 0 0 
25 38.7723 36.7289 2 3 2 606 4.87605 151.365 302.73 454.095 605.46 756.825 908.19 1059.55 
