idx xloc yloc reus1 reus2 reus3 nonreus servicetime periodic costs(1--3)
0 34.5887 39.5824 2 1 2 507 2.29984 195.091 390.183 585.274 780.365 975.457 1170.55 1365.64 
1 23.8795 27.7034 1 1 3 456 2.34383 680.633 1361.27 2041.9 2722.53 3403.17 4083.8 4764.43 
2 38.2982 27.1982 3 3 2 762 2.78891 785.344 1570.69 2356.03 3141.37 3926.72 4712.06 5497.41 
3 39.9814 28.0767 2 1 1 700 3.59954 629.695 1259.39 1889.08 2518.78 3148.47 3778.17 4407.86 
4 20.8658 35.7855 2 3 2 420 4.83714 121.695 243.39 365.085 486.78 608.475 730.17 851.865 
5 22.5084 39.6175 3 3 1 766 2.14346 785.193 1570.39 2355.58 3140.77 3925.97 4711.16 5496.35 
6 38.9089 21.8855 1 2 3 582 3.04339 712.909 1425.82 2138.73 2851.64 3564.54 4277.45 4990.36 
7 27.5335 36.9337 3 2 2 592 2.07453 806.396 1612.79 2419.19 3225.58 4031.98 4838.38 5644.77 
8 20.892 39.348 2 2 3 487 2.03941 0 0 0 0 0 0 0 
9 39.1981 22.1135 1 2 3 528 4.36886 460.287 920.574 1380.86 1841.15 2301.43 2761.72 3222.01 
10 39.1966 37.3962 3 2 1 466 4.67094 524.346 1048.69 1573.04 2097.38 2621.73 3146.07 3670.42 
11 36.1014 20.3316 3 3 3 427 2.01222 0 0 0 0 0 0 0 
12 29.5993 36.5369 3 1 2 465 4.96961 216.888 433.776 650.664 867.551 1084.44 1301.33 1518.21 
13 37.6656 25.4217 1 2 1 652 2.99179 854.7 1709.4 2564.1 3418.8 4273.5 5128.2 5982.9 
14 20.8279 20.1175 3 1 1 493 3.75923 381.454 762.909 1144.36 1525.82 1907.27 2288.73 2670.18 
15 34.8576 32.8618 2 3 2 717 4.44907 567.336 1134.67 1702.01 2269.34 2836.68 3404.01 3971.35 
16 38.4139 37.511 1 3 1 448 4.99222 221.49 442.979 664.469 885.958 1107.45 1328.94 1550.43 
17 29.2473 29.7003 3 1 2 484 4.05344 0 0 0 0 0 0 0 
18 36.2754 33.9735 1 3 2 623 4.41453 362.44 724.879 1087.32 1449.76 1812.2 2174.64 2537.08 
19 31.6658 38.579 2 1 3 425 2.16299 0 0 0 0 0 0 0 
20 32.1297 22.8669 1 1 1 443 4.10367 919.163 1838.33 2757.49 3676.65 4595.81 5514.98 6434.14 
21 32.1951 32.8284 1 1 1 530 4.43989 0 0 0 0 0 0 0 
22 31.3546 37.5843 3 2 1 686 2.15529 991.437 1982.87 2974.31 3965.75 4957.19 5948.62 6940.06 
23 39.3327 35.2956 1 2 3 798 4.47296 0 0 0 0 0 0 0 
24 39.9557 36.6226 3 2 3 712 3.50916 431.866 863.732 1295.6 1727.46 2159.33 2591.2 3023.06 
25 38.0754 24.0207 2 2 3 722 4.22777 765.798 1531.6 2297.39 3063.19 3828.99 4594.79 5360.58 
