idx xloc yloc reus1 reus2 reus3 nonreus servicetime periodic costs(1--3)
0 25.6456 25.9523 1 3 3 515 3.46015 473.395 946.79 1420.19 1893.58 2366.98 
1 36.7624 26.664 1 1 3 449 2.60498 737.684 1475.37 2213.05 2950.74 3688.42 
2 33.3816 38.9983 1 1 1 539 3.71258 491.428 982.855 1474.28 1965.71 2457.14 
3 28.5213 37.1525 3 3 3 537 2.13889 894.4 1788.8 2683.2 3577.6 4472 
4 30.5135 34.8566 1 2 1 781 2.56397 190.842 381.684 572.526 763.368 954.209 
5 20.5296 20.0193 1 3 1 705 4.05066 234.178 468.355 702.533 936.71 1170.89 
6 25.8578 35.1553 2 1 3 498 4.58027 977.076 1954.15 2931.23 3908.31 4885.38 
7 32.9903 39.6365 2 1 1 631 3.03752 183.354 366.708 550.062 733.416 916.77 
8 37.9162 22.4489 3 1 1 432 3.33422 430.568 861.137 1291.7 1722.27 2152.84 
9 22.4362 29.5881 1 1 2 402 4.66659 660.052 1320.1 1980.16 2640.21 3300.26 
10 27.8263 30.3198 3 3 2 471 3.26057 0 0 0 0 0 
11 32.368 20.6607 2 3 3 491 3.6738 784.546 1569.09 2353.64 3138.18 3922.73 
12 21.5083 35.4944 2 2 2 741 4.87681 0 0 0 0 0 
13 39.0669 21.0587 3 2 3 424 2.6731 596.615 1193.23 1789.85 2386.46 2983.08 
14 28.0111 23.1265 1 2 2 652 4.0587 375.108 750.216 1125.32 1500.43 1875.54 
