idx xloc yloc reus1 reus2 reus3 nonreus servicetime periodic costs(1--3)
0 27.9752 37.3067 3 2 2 766 2.3059 958.417 1916.83 2875.25 3833.67 4792.08 
1 26.7241 20.1925 2 3 1 524 2.51974 489.391 978.782 1468.17 1957.56 2446.95 
2 31.7859 20.8784 1 1 3 624 3.8527 744.247 1488.49 2232.74 2976.99 3721.24 
3 23.9906 30.5583 2 3 2 549 3.35974 512.753 1025.51 1538.26 2051.01 2563.76 
4 29.7608 32.3603 2 1 1 617 4.51765 931.097 1862.19 2793.29 3724.39 4655.49 
5 21.6464 39.2168 2 2 3 713 4.19316 594.822 1189.64 1784.47 2379.29 2974.11 
6 28.0481 35.3068 1 2 1 486 3.2177 660.77 1321.54 1982.31 2643.08 3303.85 
7 26.6704 26.5229 2 3 1 479 2.89339 563.881 1127.76 1691.64 2255.53 2819.41 
8 29.5806 37.4822 1 2 2 448 4.41593 195.322 390.645 585.967 781.29 976.612 
9 36.4855 32.065 2 1 1 406 3.02689 588.834 1177.67 1766.5 2355.33 2944.17 
10 22.0193 38.088 3 1 2 426 3.25452 672.879 1345.76 2018.64 2691.52 3364.39 
11 32.7297 34.9576 2 3 2 721 3.35693 0 0 0 0 0 
12 24.6095 36.8806 2 3 1 497 3.87654 0 0 0 0 0 
13 38.2604 36.7828 1 1 2 792 4.20946 253.595 507.191 760.786 1014.38 1267.98 
14 22.8726 37.5116 3 1 3 626 4.84007 351.256 702.511 1053.77 1405.02 1756.28 
