idx xloc yloc reus1 reus2 reus3 nonreus servicetime periodic costs(1--3)
0 21.0427 31.652 1 3 1 693 4.01953 990.653 1981.31 2971.96 3962.61 4953.26 
1 34.9841 29.0467 3 2 3 430 4.89982 944.14 1888.28 2832.42 3776.56 4720.7 
2 24.0437 28.7925 1 2 3 640 4.93825 523.807 1047.61 1571.42 2095.23 2619.03 
3 25.7324 38.675 1 1 1 400 4.81496 0 0 0 0 0 
4 23.0619 34.6298 1 1 1 487 2.04803 203.656 407.311 610.967 814.623 1018.28 
5 38.2535 24.7804 1 1 3 674 3.64268 417.448 834.897 1252.35 1669.79 2087.24 
6 37.2155 29.5891 1 1 1 732 2.86295 641.663 1283.33 1924.99 2566.65 3208.32 
7 24.3642 24.011 2 1 2 493 2.07674 513.204 1026.41 1539.61 2052.82 2566.02 
8 21.9834 29.1849 3 3 3 450 3.55078 774.55 1549.1 2323.65 3098.2 3872.75 
9 26.1083 22.9983 1 3 1 565 3.42896 0 0 0 0 0 
10 20.8834 37.3948 2 3 2 658 4.56939 0 0 0 0 0 
11 22.7494 35.718 2 3 1 503 3.88479 0 0 0 0 0 
12 36.7716 24.4683 3 3 2 519 2.54411 0 0 0 0 0 
13 33.6317 21.7395 2 2 1 786 4.51526 217.989 435.978 653.968 871.957 1089.95 
14 20.0187 34.9518 3 2 3 755 4.40511 227.595 455.19 682.784 910.379 1137.97 
