idx xloc yloc reus1 reus2 reus3 nonreus servicetime periodic costs(1--3)
0 33.6881 27.3223 3 1 2 308 3.02841 132.951 265.902 398.853 531.804 
1 31.6873 39.877 2 2 3 489 4.94808 416.079 832.157 1248.24 1664.31 
2 25.3335 32.3892 3 3 3 629 3.14335 391.038 782.076 1173.11 1564.15 
3 29.3796 36.6836 1 2 1 486 2.81527 927.522 1855.04 2782.57 3710.09 
4 26.4881 27.8957 1 1 3 496 2.75985 872.552 1745.1 2617.66 3490.21 
5 21.496 38.0818 1 1 2 558 3.99756 710.134 1420.27 2130.4 2840.53 
6 20.4092 22.6291 3 2 2 427 3.86922 0 0 0 0 
7 22.0472 33.1371 2 1 1 340 2.26707 129.698 259.396 389.094 518.793 
8 37.0202 20.2534 3 3 2 753 4.6439 196.507 393.015 589.522 786.03 
9 21.9092 20.4752 2 1 1 553 3.56675 173.662 347.325 520.987 694.649 
10 23.1078 30.3057 2 3 3 431 3.05671 0 0 0 0 
11 38.8381 21.3017 2 1 2 793 2.17318 884.083 1768.17 2652.25 3536.33 
12 39.4418 29.4042 3 3 3 491 3.48115 0 0 0 0 
13 23.2345 26.9312 1 3 2 385 4.56973 594.684 1189.37 1784.05 2378.74 
