idx xloc yloc reus1 reus2 reus3 nonreus servicetime periodic costs(1--3)
0 28.6673 37.7144 2 1 2 462 3.3417 0 0 0 0 
1 25.9226 35.846 1 2 3 640 4.52101 0 0 0 0 
2 33.0171 27.9859 3 2 2 397 2.99449 848.994 1697.99 2546.98 3395.98 
3 21.3958 24.3891 3 3 3 482 2.54534 476.409 952.818 1429.23 1905.64 
4 30.3124 32.037 1 1 1 666 3.17758 155.898 311.795 467.693 623.59 
5 25.8947 33.9911 2 3 1 788 3.61821 0 0 0 0 
6 38.1192 21.5205 2 3 2 701 3.90113 108.144 216.289 324.433 432.578 
7 33.1313 32.8295 3 2 3 462 2.24466 322.646 645.293 967.939 1290.59 
8 23.2933 30.1422 2 2 1 550 4.55468 597.645 1195.29 1792.93 2390.58 
9 29.2264 20.3807 2 1 1 389 3.62864 414.62 829.239 1243.86 1658.48 
10 38.6934 31.9741 1 1 2 667 2.07348 732.621 1465.24 2197.86 2930.48 
11 32.3982 34.111 3 3 3 481 4.39715 56.9968 113.994 170.99 227.987 
12 38.3165 20.7182 1 2 2 427 2.8317 845.37 1690.74 2536.11 3381.48 
13 38.6069 31.673 1 3 1 733 4.27302 51.8421 103.684 155.526 207.368 
