idx xloc yloc reus1 reus2 reus3 nonreus servicetime periodic costs(1--3)
0 36.2806 31.6973 2 2 3 317 3.39582 131.937 263.875 395.812 527.75 
1 23.3006 38.1397 3 3 3 511 3.57038 215.076 430.151 645.227 860.303 
2 39.5068 21.9122 2 2 3 679 2.35807 0 0 0 0 
3 22.9042 39.1139 2 1 1 487 4.84036 185.682 371.363 557.045 742.726 
4 20.6188 27.6338 3 3 2 572 3.17309 99.6259 199.252 298.878 398.504 
5 31.1626 39.756 2 1 3 565 4.09049 916.362 1832.72 2749.08 3665.45 
6 34.7098 25.3639 2 2 2 728 2.56059 0 0 0 0 
7 33.1915 38.4739 2 3 1 453 2.42252 997.624 1995.25 2992.87 3990.49 
8 20.7317 23.4657 3 2 2 573 4.40625 132.388 264.775 397.163 529.551 
9 33.3552 33.3967 1 3 1 357 2.5562 276.629 553.258 829.887 1106.52 
10 21.4758 20.1377 1 2 3 661 3.28143 642.174 1284.35 1926.52 2568.7 
11 20.6334 37.2221 1 3 3 537 4.97481 171.846 343.691 515.537 687.382 
12 25.989 26.4949 3 2 3 394 3.12059 312.849 625.698 938.547 1251.4 
13 33.056 29.8952 2 2 1 740 4.73913 481.243 962.485 1443.73 1924.97 
