idx xloc yloc reus1 reus2 reus3 nonreus servicetime periodic costs(1--3)
0 27.2242 31.5065 3 1 1 670 2.75892 0 0 0 0 
1 21.2229 34.0925 3 3 3 670 4.48983 489.552 979.104 1468.66 1958.21 
2 34.0954 30.8974 1 1 1 388 4.65384 585.917 1171.83 1757.75 2343.67 
3 31.8823 34.7884 1 2 2 592 4.99543 0 0 0 0 
4 33.0527 23.836 3 3 1 465 3.19404 121.154 242.308 363.462 484.616 
5 28.0651 28.4143 2 1 3 491 3.85331 815.924 1631.85 2447.77 3263.7 
6 20.6431 35.56 2 2 2 500 4.50877 234.637 469.274 703.911 938.548 
7 20.3599 37.7868 2 1 1 650 2.84825 310.954 621.909 932.863 1243.82 
8 38.1746 26.1125 1 3 1 725 3.1547 0 0 0 0 
9 20.143 37.8895 1 1 2 482 3.60489 922.898 1845.8 2768.69 3691.59 
10 39.1693 27.6233 3 1 3 792 3.23197 122.178 244.356 366.534 488.712 
11 29.6028 30.617 3 1 3 718 2.27213 139.273 278.545 417.818 557.091 
12 33.4085 26.2066 3 3 1 743 3.0418 522.958 1045.92 1568.87 2091.83 
13 22.2256 30.8918 1 1 1 434 4.75244 770.218 1540.44 2310.66 3080.87 
14 38.8372 39.7469 3 3 1 678 3.57235 948.14 1896.28 2844.42 3792.56 
15 33.2214 34.4067 2 2 3 735 4.73519 328.792 657.584 986.376 1315.17 
16 22.7557 28.6901 3 1 2 789 2.52537 696.125 1392.25 2088.37 2784.5 
17 35.6233 35.448 1 3 1 580 2.59302 874.078 1748.16 2622.24 3496.31 
18 25.0012 21.278 3 1 2 648 4.95558 632.985 1265.97 1898.95 2531.94 
19 21.0473 29.6594 1 1 1 343 2.17848 109.893 219.786 329.68 439.573 
20 23.8582 38.526 1 2 3 696 2.64933 414.767 829.534 1244.3 1659.07 
21 27.2838 38.2174 3 1 3 334 4.64149 0 0 0 0 
