idx xloc yloc reus1 reus2 reus3 nonreus servicetime periodic costs(1--3)
0 31.9034 39.8043 3 2 2 551 4.09605 0 0 0 0 
1 30.5504 31.4561 1 2 1 629 3.12941 795.27 1590.54 2385.81 3181.08 
2 35.6843 20.2679 1 1 2 301 2.64346 539.379 1078.76 1618.14 2157.52 
3 28.4251 36.9338 1 3 1 395 4.36397 672.296 1344.59 2016.89 2689.19 
4 33.5284 23.6405 2 1 3 548 4.91493 434.843 869.687 1304.53 1739.37 
5 20.1272 37.4278 3 1 2 717 2.17502 477.58 955.16 1432.74 1910.32 
6 21.7252 26.3578 3 3 3 522 4.63774 193 386 578.999 771.999 
7 23.8379 33.9522 1 3 2 323 3.41936 595.361 1190.72 1786.08 2381.44 
8 25.9854 35.6192 3 3 1 400 4.35733 944.506 1889.01 2833.52 3778.02 
9 34.0246 31.4505 2 2 3 451 2.4712 250.679 501.359 752.038 1002.72 
10 30.3921 36.8551 1 2 1 625 4.04925 729.667 1459.33 2189 2918.67 
11 39.4244 38.0841 1 2 1 622 2.37544 452.585 905.17 1357.75 1810.34 
12 36.2785 31.428 2 3 2 709 3.44305 798.765 1597.53 2396.29 3195.06 
13 35.7769 22.833 1 3 2 653 2.22129 131.354 262.708 394.062 525.416 
14 20.8605 36.6458 1 1 1 547 2.97125 0 0 0 0 
15 38.3058 33.373 1 3 1 487 4.0627 831.581 1663.16 2494.74 3326.32 
16 28.9359 32.8771 1 3 3 313 3.527 696.262 1392.52 2088.79 2785.05 
17 29.7999 27.3248 2 2 3 385 3.45714 534.329 1068.66 1602.99 2137.32 
18 37.8822 34.0738 1 3 3 409 3.52057 772.299 1544.6 2316.9 3089.2 
19 28.1012 27.1148 3 1 3 783 3.83225 753.808 1507.62 2261.42 3015.23 
20 39.3969 31.6162 1 1 2 733 2.20502 923.635 1847.27 2770.9 3694.54 
21 27.8875 26.9143 1 3 2 672 2.2796 661.693 1323.39 1985.08 2646.77 
