idx xloc yloc reus1 reus2 reus3 nonreus servicetime periodic costs(1--3)
0 25.1751 38.7949 3 3 3 622 2.15736 0 0 0 0 
1 20.2128 34.884 3 2 1 655 3.70215 80.1165 160.233 240.35 320.466 
2 35.0897 30.245 2 3 3 590 2.97261 172.69 345.38 518.07 690.76 
3 22.3401 30.7459 2 1 1 514 3.6241 332.424 664.847 997.271 1329.69 
4 25.9259 23.9857 3 1 3 428 2.02124 0 0 0 0 
5 29.2394 21.2004 2 3 1 337 4.71475 188.609 377.218 565.827 754.436 
6 23.0098 28.4837 1 1 2 470 3.12304 81.0516 162.103 243.155 324.206 
7 28.1092 38.0659 2 2 2 742 2.88909 0 0 0 0 
8 33.3085 28.4029 3 3 2 447 2.40248 313.595 627.191 940.786 1254.38 
9 33.8242 24.3174 1 2 1 415 2.87325 204.783 409.567 614.35 819.134 
10 22.8679 36.8858 1 3 3 373 3.74985 134.882 269.765 404.647 539.529 
11 22.6344 35.6247 3 2 2 758 3.40943 669.275 1338.55 2007.83 2677.1 
12 35.865 35.0589 1 2 2 308 4.80297 0 0 0 0 
13 20.0692 25.165 1 2 2 672 2.78173 75.9212 151.842 227.763 303.685 
14 21.4214 33.0893 2 3 1 306 4.04611 0 0 0 0 
15 25.8065 31.9155 2 2 2 431 4.34752 491.77 983.539 1475.31 1967.08 
16 25.1086 21.1735 3 2 2 626 3.73735 548.469 1096.94 1645.41 2193.87 
17 38.6217 37.2734 3 3 3 380 2.72548 0 0 0 0 
18 28.7252 33.9167 1 3 1 343 2.7688 461.795 923.59 1385.38 1847.18 
19 34.5162 35.8419 3 2 2 418 2.87907 0 0 0 0 
20 21.9784 23.1752 2 2 1 321 3.24392 50.5342 101.068 151.602 202.137 
21 22.5697 24.0468 2 2 3 419 3.25546 445.976 891.952 1337.93 1783.9 
