idx xloc yloc reus1 reus2 reus3 nonreus servicetime periodic costs(1--3)
0 33.8617 23.0082 3 2 1 661 5.20728 65.1954 130.391 195.586 260.782 325.977 391.172 456.368 521.563 586.759 651.954 717.15 782.345 847.54 912.736 977.931 1043.13 1108.32 1173.52 1238.71 1303.91 1369.1 
1 24.9477 32.5552 3 1 3 650 4.14081 117.027 234.053 351.08 468.107 585.133 702.16 819.186 936.213 1053.24 1170.27 1287.29 1404.32 1521.35 1638.37 1755.4 1872.43 1989.45 2106.48 2223.51 2340.53 2457.56 
2 36.2228 21.558 3 3 2 592 3.76705 712.305 1424.61 2136.91 2849.22 3561.52 4273.83 4986.13 5698.44 6410.74 7123.05 7835.35 8547.66 9259.96 9972.27 10684.6 11396.9 12109.2 12821.5 13533.8 14246.1 14958.4 
3 35.4069 28.7448 1 2 2 572 5.86007 588.715 1177.43 1766.14 2354.86 2943.57 3532.29 4121 4709.72 5298.43 5887.15 6475.86 7064.58 7653.29 8242.01 8830.72 9419.44 10008.2 10596.9 11185.6 11774.3 12363 
4 34.2942 32.5637 1 2 2 521 5.98931 964.133 1928.27 2892.4 3856.53 4820.67 5784.8 6748.93 7713.07 8677.2 9641.33 10605.5 11569.6 12533.7 13497.9 14462 15426.1 16390.3 17354.4 18318.5 19282.7 20246.8 
5 24.9194 21.9857 1 3 1 708 3.98706 290.802 581.604 872.407 1163.21 1454.01 1744.81 2035.62 2326.42 2617.22 2908.02 3198.82 3489.63 3780.43 4071.23 4362.03 4652.84 4943.64 5234.44 5525.24 5816.04 6106.85 
6 25.2407 31.3389 1 3 1 566 5.9299 276.502 553.003 829.505 1106.01 1382.51 1659.01 1935.51 2212.01 2488.51 2765.02 3041.52 3318.02 3594.52 3871.02 4147.52 4424.02 4700.53 4977.03 5253.53 5530.03 5806.53 
7 32.5684 35.4366 3 1 1 749 3.51059 159.516 319.032 478.547 638.063 797.579 957.095 1116.61 1276.13 1435.64 1595.16 1754.67 1914.19 2073.71 2233.22 2392.74 2552.25 2711.77 2871.28 3030.8 3190.32 3349.83 
8 24.7081 25.4814 2 1 1 676 3.76946 275.599 551.199 826.798 1102.4 1378 1653.6 1929.2 2204.8 2480.39 2755.99 3031.59 3307.19 3582.79 3858.39 4133.99 4409.59 4685.19 4960.79 5236.39 5511.99 5787.59 
9 33.6966 38.9487 3 3 3 628 3.96924 531.483 1062.97 1594.45 2125.93 2657.42 3188.9 3720.38 4251.87 4783.35 5314.83 5846.32 6377.8 6909.28 7440.77 7972.25 8503.73 9035.22 9566.7 10098.2 10629.7 11161.2 
10 22.8245 21.0548 2 3 1 735 4.9512 766.803 1533.61 2300.41 3067.21 3834.01 4600.82 5367.62 6134.42 6901.23 7668.03 8434.83 9201.64 9968.44 10735.2 11502 12268.8 13035.7 13802.5 14569.3 15336.1 16102.9 
11 38.6488 35.7415 2 3 2 416 5.28046 484.895 969.791 1454.69 1939.58 2424.48 2909.37 3394.27 3879.16 4364.06 4848.95 5333.85 5818.74 6303.64 6788.53 7273.43 7758.32 8243.22 8728.11 9213.01 9697.91 10182.8 
12 30.2465 29.3847 2 1 1 723 4.37804 270.256 540.511 810.767 1081.02 1351.28 1621.53 1891.79 2162.04 2432.3 2702.56 2972.81 3243.07 3513.32 3783.58 4053.83 4324.09 4594.35 4864.6 5134.86 5405.11 5675.37 
13 30.7208 35.3594 1 1 2 701 3.45604 588.466 1176.93 1765.4 2353.87 2942.33 3530.8 4119.26 4707.73 5296.2 5884.66 6473.13 7061.6 7650.06 8238.53 8827 9415.46 10003.9 10592.4 11180.9 11769.3 12357.8 
14 25.2041 22.539 1 2 3 454 3.08724 441.27 882.541 1323.81 1765.08 2206.35 2647.62 3088.89 3530.16 3971.43 4412.7 4853.97 5295.24 5736.51 6177.78 6619.05 7060.32 7501.6 7942.87 8384.14 8825.41 9266.68 
15 20.9469 32.6553 3 2 2 406 3.42622 567.352 1134.7 1702.06 2269.41 2836.76 3404.11 3971.46 4538.82 5106.17 5673.52 6240.87 6808.22 7375.58 7942.93 8510.28 9077.63 9644.98 10212.3 10779.7 11347 11914.4 
16 39.3834 21.1087 3 2 3 601 4.73628 558.788 1117.58 1676.36 2235.15 2793.94 3352.73 3911.52 4470.3 5029.09 5587.88 6146.67 6705.46 7264.25 7823.03 8381.82 8940.61 9499.4 10058.2 10617 11175.8 11734.6 
17 39.5273 32.0903 3 1 3 552 3.55639 818.241 1636.48 2454.72 3272.97 4091.21 4909.45 5727.69 6545.93 7364.17 8182.41 9000.66 9818.9 10637.1 11455.4 12273.6 13091.9 13910.1 14728.3 15546.6 16364.8 17183.1 
18 32.6112 23.01 3 3 3 682 3.48056 507.708 1015.42 1523.12 2030.83 2538.54 3046.25 3553.96 4061.66 4569.37 5077.08 5584.79 6092.49 6600.2 7107.91 7615.62 8123.33 8631.03 9138.74 9646.45 10154.2 10661.9 
19 39.3373 31.9472 1 2 1 481 4.60033 850.327 1700.65 2550.98 3401.31 4251.63 5101.96 5952.29 6802.61 7652.94 8503.27 9353.59 10203.9 11054.2 11904.6 12754.9 13605.2 14455.6 15305.9 16156.2 17006.5 17856.9 
20 27.4594 23.3316 2 3 3 643 5.78405 121.198 242.396 363.595 484.793 605.991 727.189 848.388 969.586 1090.78 1211.98 1333.18 1454.38 1575.58 1696.78 1817.97 1939.17 2060.37 2181.57 2302.77 2423.96 2545.16 
21 24.7824 25.8336 3 1 2 595 3.87916 136.168 272.336 408.504 544.672 680.84 817.008 953.176 1089.34 1225.51 1361.68 1497.85 1634.02 1770.18 1906.35 2042.52 2178.69 2314.86 2451.02 2587.19 2723.36 2859.53 
22 36.1316 35.5492 1 3 2 633 5.24825 115.304 230.609 345.913 461.217 576.522 691.826 807.13 922.435 1037.74 1153.04 1268.35 1383.65 1498.96 1614.26 1729.56 1844.87 1960.17 2075.48 2190.78 2306.09 2421.39 
23 23.5485 28.5461 1 3 3 451 5.1178 468.586 937.171 1405.76 1874.34 2342.93 2811.51 3280.1 3748.69 4217.27 4685.86 5154.44 5623.03 6091.61 6560.2 7028.79 7497.37 7965.96 8434.54 8903.13 9371.71 9840.3 
24 35.5967 34.764 3 1 1 513 4.82524 385.819 771.637 1157.46 1543.27 1929.09 2314.91 2700.73 3086.55 3472.37 3858.19 4244 4629.82 5015.64 5401.46 5787.28 6173.1 6558.91 6944.73 7330.55 7716.37 8102.19 
25 20.4137 30.3711 2 1 1 597 4.91789 224.556 449.112 673.668 898.224 1122.78 1347.34 1571.89 1796.45 2021 2245.56 2470.12 2694.67 2919.23 3143.78 3368.34 3592.9 3817.45 4042.01 4266.57 4491.12 4715.68 
26 33.9608 36.42 3 1 1 433 3.81231 992.57 1985.14 2977.71 3970.28 4962.85 5955.42 6947.99 7940.56 8933.13 9925.7 10918.3 11910.8 12903.4 13896 14888.5 15881.1 16873.7 17866.3 18858.8 19851.4 20844 
27 32.0474 27.7604 3 1 1 504 3.28577 730.821 1461.64 2192.46 2923.29 3654.11 4384.93 5115.75 5846.57 6577.39 7308.21 8039.04 8769.86 9500.68 10231.5 10962.3 11693.1 12424 13154.8 13885.6 14616.4 15347.3 
28 39.469 38.0663 3 2 2 741 5.43944 504.179 1008.36 1512.54 2016.71 2520.89 3025.07 3529.25 4033.43 4537.61 5041.79 5545.97 6050.14 6554.32 7058.5 7562.68 8066.86 8571.04 9075.22 9579.4 10083.6 10587.8 
29 27.6143 31.7291 3 2 2 541 4.4975 157.522 315.043 472.565 630.086 787.608 945.129 1102.65 1260.17 1417.69 1575.22 1732.74 1890.26 2047.78 2205.3 2362.82 2520.34 2677.87 2835.39 2992.91 3150.43 3307.95 
30 20.2398 38.5337 2 3 1 700 3.48977 519.65 1039.3 1558.95 2078.6 2598.25 3117.9 3637.55 4157.2 4676.85 5196.5 5716.15 6235.8 6755.45 7275.1 7794.75 8314.4 8834.05 9353.7 9873.35 10393 10912.7 
31 21.6933 31.1888 3 1 2 489 5.51519 460.405 920.809 1381.21 1841.62 2302.02 2762.43 3222.83 3683.24 4143.64 4604.05 5064.45 5524.86 5985.26 6445.66 6906.07 7366.47 7826.88 8287.28 8747.69 9208.09 9668.5 
32 32.2052 22.0018 3 3 1 444 5.45686 420.723 841.446 1262.17 1682.89 2103.61 2524.34 2945.06 3365.78 3786.51 4207.23 4627.95 5048.67 5469.4 5890.12 6310.84 6731.56 7152.29 7573.01 7993.73 8414.46 8835.18 
33 26.4388 31.4562 3 3 1 523 3.11327 148.131 296.262 444.393 592.524 740.655 888.785 1036.92 1185.05 1333.18 1481.31 1629.44 1777.57 1925.7 2073.83 2221.96 2370.09 2518.23 2666.36 2814.49 2962.62 3110.75 
34 31.2375 25.3786 2 2 1 408 5.42588 944.728 1889.46 2834.18 3778.91 4723.64 5668.37 6613.1 7557.82 8502.55 9447.28 10392 11336.7 12281.5 13226.2 14170.9 15115.6 16060.4 17005.1 17949.8 18894.6 19839.3 
35 38.2806 27.7318 1 2 3 565 4.55547 207.817 415.634 623.452 831.269 1039.09 1246.9 1454.72 1662.54 1870.36 2078.17 2285.99 2493.81 2701.62 2909.44 3117.26 3325.08 3532.89 3740.71 3948.53 4156.34 4364.16 
36 36.6477 27.4687 3 3 3 709 3.45598 765.15 1530.3 2295.45 3060.6 3825.75 4590.9 5356.05 6121.2 6886.35 7651.5 8416.65 9181.8 9946.95 10712.1 11477.2 12242.4 13007.5 13772.7 14537.8 15303 16068.1 
37 23.8539 39.6451 2 1 1 624 5.3639 548.09 1096.18 1644.27 2192.36 2740.45 3288.54 3836.63 4384.72 4932.81 5480.9 6028.99 6577.08 7125.17 7673.26 8221.35 8769.44 9317.53 9865.62 10413.7 10961.8 11509.9 
38 25.1432 22.3076 1 1 3 575 5.90588 957.046 1914.09 2871.14 3828.18 4785.23 5742.27 6699.32 7656.37 8613.41 9570.46 10527.5 11484.5 12441.6 13398.6 14355.7 15312.7 16269.8 17226.8 18183.9 19140.9 20098 
39 25.4188 25.7125 3 3 2 724 3.81598 768.11 1536.22 2304.33 3072.44 3840.55 4608.66 5376.77 6144.88 6912.99 7681.1 8449.22 9217.33 9985.44 10753.5 11521.7 12289.8 13057.9 13826 14594.1 15362.2 16130.3 
40 37.1292 26.9199 2 1 1 672 5.58886 189.864 379.728 569.592 759.456 949.32 1139.18 1329.05 1518.91 1708.78 1898.64 2088.5 2278.37 2468.23 2658.09 2847.96 3037.82 3227.69 3417.55 3607.41 3797.28 3987.14 
41 28.271 39.4913 2 1 2 799 3.71482 971.981 1943.96 2915.94 3887.92 4859.91 5831.89 6803.87 7775.85 8747.83 9719.81 10691.8 11663.8 12635.8 13607.7 14579.7 15551.7 16523.7 17495.7 18467.6 19439.6 20411.6 
42 33.0851 27.5716 1 3 2 476 5.64756 815.244 1630.49 2445.73 3260.98 4076.22 4891.47 5706.71 6521.96 7337.2 8152.44 8967.69 9782.93 10598.2 11413.4 12228.7 13043.9 13859.2 14674.4 15489.6 16304.9 17120.1 
43 33.1383 33.5437 3 2 2 502 5.68813 887.067 1774.13 2661.2 3548.27 4435.34 5322.4 6209.47 7096.54 7983.6 8870.67 9757.74 10644.8 11531.9 12418.9 13306 14193.1 15080.1 15967.2 16854.3 17741.3 18628.4 
44 25.8975 20.4259 3 2 1 543 4.74877 553.754 1107.51 1661.26 2215.02 2768.77 3322.53 3876.28 4430.04 4983.79 5537.54 6091.3 6645.05 7198.81 7752.56 8306.32 8860.07 9413.82 9967.58 10521.3 11075.1 11628.8 
