idx xloc yloc reus1 reus2 reus3 nonreus servicetime periodic costs(1--3)
0 23.9168 27.981 2 3 2 414 4.03215 203.393 406.786 610.179 813.572 1016.97 1220.36 1423.75 1627.14 1830.54 2033.93 2237.32 2440.72 2644.11 2847.5 3050.9 3254.29 3457.68 3661.08 3864.47 4067.86 4271.26 
1 21.1859 31.0043 2 1 1 593 5.41677 510.2 1020.4 1530.6 2040.8 2551 3061.2 3571.4 4081.6 4591.8 5102 5612.2 6122.4 6632.6 7142.8 7653 8163.2 8673.4 9183.6 9693.8 10204 10714.2 
2 34.8339 21.6719 3 1 2 553 4.24653 514.307 1028.61 1542.92 2057.23 2571.53 3085.84 3600.15 4114.45 4628.76 5143.07 5657.37 6171.68 6685.98 7200.29 7714.6 8228.9 8743.21 9257.52 9771.82 10286.1 10800.4 
3 36.9395 39.3943 1 3 3 534 3.13965 346.361 692.722 1039.08 1385.44 1731.81 2078.17 2424.53 2770.89 3117.25 3463.61 3809.97 4156.33 4502.7 4849.06 5195.42 5541.78 5888.14 6234.5 6580.86 6927.22 7273.59 
4 28.5243 24.1597 2 2 2 644 3.33284 831.021 1662.04 2493.06 3324.08 4155.1 4986.12 5817.15 6648.17 7479.19 8310.21 9141.23 9972.25 10803.3 11634.3 12465.3 13296.3 14127.4 14958.4 15789.4 16620.4 17451.4 
5 39.2859 21.4129 3 3 1 653 3.9414 937.676 1875.35 2813.03 3750.7 4688.38 5626.05 6563.73 7501.41 8439.08 9376.76 10314.4 11252.1 12189.8 13127.5 14065.1 15002.8 15940.5 16878.2 17815.8 18753.5 19691.2 
6 35.028 20.4376 3 2 1 692 3.99185 791.119 1582.24 2373.36 3164.47 3955.59 4746.71 5537.83 6328.95 7120.07 7911.19 8702.31 9493.42 10284.5 11075.7 11866.8 12657.9 13449 14240.1 15031.3 15822.4 16613.5 
7 29.1846 35.0048 1 1 3 727 5.90508 278.706 557.412 836.118 1114.82 1393.53 1672.24 1950.94 2229.65 2508.36 2787.06 3065.77 3344.47 3623.18 3901.89 4180.59 4459.3 4738 5016.71 5295.42 5574.12 5852.83 
8 29.5632 32.0423 2 2 1 618 3.25951 662.098 1324.2 1986.29 2648.39 3310.49 3972.59 4634.68 5296.78 5958.88 6620.98 7283.07 7945.17 8607.27 9269.37 9931.46 10593.6 11255.7 11917.8 12579.9 13242 13904 
9 24.1659 29.1206 3 1 3 445 4.32625 401.331 802.662 1203.99 1605.32 2006.66 2407.99 2809.32 3210.65 3611.98 4013.31 4414.64 4815.97 5217.3 5618.63 6019.97 6421.3 6822.63 7223.96 7625.29 8026.62 8427.95 
10 22.8257 31.2879 2 3 2 410 5.46621 457.752 915.503 1373.25 1831.01 2288.76 2746.51 3204.26 3662.01 4119.76 4577.52 5035.27 5493.02 5950.77 6408.52 6866.27 7324.03 7781.78 8239.53 8697.28 9155.03 9612.78 
11 22.7493 24.446 2 1 2 458 5.68034 524.239 1048.48 1572.72 2096.96 2621.2 3145.44 3669.67 4193.91 4718.15 5242.39 5766.63 6290.87 6815.11 7339.35 7863.59 8387.83 8912.07 9436.31 9960.55 10484.8 11009 
12 22.7761 37.9992 3 3 2 402 4.97851 909.984 1819.97 2729.95 3639.94 4549.92 5459.91 6369.89 7279.87 8189.86 9099.84 10009.8 10919.8 11829.8 12739.8 13649.8 14559.7 15469.7 16379.7 17289.7 18199.7 19109.7 
13 36.2534 26.4848 2 3 3 548 3.3695 425.058 850.117 1275.18 1700.23 2125.29 2550.35 2975.41 3400.47 3825.53 4250.58 4675.64 5100.7 5525.76 5950.82 6375.88 6800.93 7225.99 7651.05 8076.11 8501.17 8926.23 
14 24.6715 36.3544 3 3 1 660 5.25613 940.347 1880.69 2821.04 3761.39 4701.73 5642.08 6582.43 7522.77 8463.12 9403.47 10343.8 11284.2 12224.5 13164.9 14105.2 15045.5 15985.9 16926.2 17866.6 18806.9 19747.3 
15 28.1057 20.1821 2 3 1 638 4.65225 248.204 496.407 744.611 992.814 1241.02 1489.22 1737.42 1985.63 2233.83 2482.04 2730.24 2978.44 3226.65 3474.85 3723.05 3971.26 4219.46 4467.66 4715.87 4964.07 5212.27 
16 38.8971 31.7499 1 2 3 594 3.10556 995.853 1991.71 2987.56 3983.41 4979.26 5975.12 6970.97 7966.82 8962.67 9958.53 10954.4 11950.2 12946.1 13941.9 14937.8 15933.6 16929.5 17925.3 18921.2 19917.1 20912.9 
17 37.8313 34.5129 2 2 2 638 3.53545 103.177 206.354 309.532 412.709 515.886 619.063 722.241 825.418 928.595 1031.77 1134.95 1238.13 1341.3 1444.48 1547.66 1650.84 1754.01 1857.19 1960.37 2063.54 2166.72 
18 25.6522 23.7623 3 2 1 542 3.3027 595.597 1191.19 1786.79 2382.39 2977.99 3573.58 4169.18 4764.78 5360.37 5955.97 6551.57 7147.16 7742.76 8338.36 8933.96 9529.55 10125.1 10720.7 11316.3 11911.9 12507.5 
19 32.4713 27.3896 1 3 2 678 5.87285 133.683 267.367 401.05 534.734 668.417 802.101 935.784 1069.47 1203.15 1336.83 1470.52 1604.2 1737.89 1871.57 2005.25 2138.94 2272.62 2406.3 2539.99 2673.67 2807.35 
20 33.438 24.6516 2 3 1 704 5.80793 944.965 1889.93 2834.89 3779.86 4724.82 5669.79 6614.75 7559.72 8504.68 9449.65 10394.6 11339.6 12284.5 13229.5 14174.5 15119.4 16064.4 17009.4 17954.3 18899.3 19844.3 
21 25.0817 29.8008 2 3 3 422 4.84065 213.913 427.825 641.738 855.65 1069.56 1283.48 1497.39 1711.3 1925.21 2139.13 2353.04 2566.95 2780.86 2994.78 3208.69 3422.6 3636.51 3850.43 4064.34 4278.25 4492.16 
22 33.3591 22.4997 1 3 1 507 3.30072 859.126 1718.25 2577.38 3436.51 4295.63 5154.76 6013.88 6873.01 7732.14 8591.26 9450.39 10309.5 11168.6 12027.8 12886.9 13746 14605.1 15464.3 16323.4 17182.5 18041.7 
23 20.8777 31.5104 2 2 2 646 4.39035 225.266 450.532 675.798 901.064 1126.33 1351.6 1576.86 1802.13 2027.39 2252.66 2477.93 2703.19 2928.46 3153.72 3378.99 3604.26 3829.52 4054.79 4280.05 4505.32 4730.59 
24 39.1273 34.2518 2 1 2 482 5.83314 66.1962 132.392 198.589 264.785 330.981 397.177 463.374 529.57 595.766 661.962 728.159 794.355 860.551 926.747 992.944 1059.14 1125.34 1191.53 1257.73 1323.92 1390.12 
25 39.349 32.301 3 3 3 519 4.89888 392.056 784.112 1176.17 1568.22 1960.28 2352.34 2744.39 3136.45 3528.5 3920.56 4312.62 4704.67 5096.73 5488.78 5880.84 6272.9 6664.95 7057.01 7449.06 7841.12 8233.18 
26 21.0668 29.3521 2 1 3 516 5.55529 369.059 738.118 1107.18 1476.24 1845.29 2214.35 2583.41 2952.47 3321.53 3690.59 4059.65 4428.71 4797.76 5166.82 5535.88 5904.94 6274 6643.06 7012.12 7381.18 7750.23 
27 31.3589 33.4558 2 3 2 431 5.72921 457.091 914.183 1371.27 1828.37 2285.46 2742.55 3199.64 3656.73 4113.82 4570.91 5028 5485.1 5942.19 6399.28 6856.37 7313.46 7770.55 8227.64 8684.73 9141.83 9598.92 
28 21.5588 32.1806 3 2 3 597 4.12514 253.889 507.779 761.668 1015.56 1269.45 1523.34 1777.23 2031.12 2285 2538.89 2792.78 3046.67 3300.56 3554.45 3808.34 4062.23 4316.12 4570.01 4823.9 5077.79 5331.68 
29 38.9482 25.6169 1 2 2 798 4.64766 68.1359 136.272 204.408 272.544 340.68 408.816 476.952 545.087 613.223 681.359 749.495 817.631 885.767 953.903 1022.04 1090.17 1158.31 1226.45 1294.58 1362.72 1430.85 
30 25.6719 21.8329 2 3 1 425 5.11322 323.441 646.882 970.323 1293.76 1617.2 1940.65 2264.09 2587.53 2910.97 3234.41 3557.85 3881.29 4204.73 4528.17 4851.61 5175.05 5498.5 5821.94 6145.38 6468.82 6792.26 
31 28.6331 34.6298 3 1 3 526 5.37032 404.741 809.482 1214.22 1618.96 2023.7 2428.45 2833.19 3237.93 3642.67 4047.41 4452.15 4856.89 5261.63 5666.37 6071.11 6475.85 6880.59 7285.34 7690.08 8094.82 8499.56 
32 34.682 24.6003 1 3 2 520 4.40418 414.193 828.386 1242.58 1656.77 2070.97 2485.16 2899.35 3313.54 3727.74 4141.93 4556.12 4970.32 5384.51 5798.7 6212.9 6627.09 7041.28 7455.48 7869.67 8283.86 8698.06 
33 36.3358 23.0792 3 3 2 526 3.06192 802.277 1604.55 2406.83 3209.11 4011.39 4813.66 5615.94 6418.22 7220.49 8022.77 8825.05 9627.33 10429.6 11231.9 12034.2 12836.4 13638.7 14441 15243.3 16045.5 16847.8 
34 29.2393 29.9676 1 3 1 714 3.82067 339.712 679.423 1019.14 1358.85 1698.56 2038.27 2377.98 2717.69 3057.41 3397.12 3736.83 4076.54 4416.25 4755.96 5095.68 5435.39 5775.1 6114.81 6454.52 6794.23 7133.95 
35 27.6528 32.3837 1 2 2 563 3.38098 616.18 1232.36 1848.54 2464.72 3080.9 3697.08 4313.26 4929.44 5545.62 6161.8 6777.98 7394.16 8010.34 8626.52 9242.7 9858.88 10475.1 11091.2 11707.4 12323.6 12939.8 
36 22.2285 24.8343 3 2 3 660 3.3053 957.855 1915.71 2873.56 3831.42 4789.27 5747.13 6704.98 7662.84 8620.69 9578.55 10536.4 11494.3 12452.1 13410 14367.8 15325.7 16283.5 17241.4 18199.2 19157.1 20115 
37 25.4572 39.9072 3 2 3 407 4.9312 86.1122 172.224 258.337 344.449 430.561 516.673 602.785 688.898 775.01 861.122 947.234 1033.35 1119.46 1205.57 1291.68 1377.8 1463.91 1550.02 1636.13 1722.24 1808.36 
38 35.1383 23.4349 2 1 1 576 5.17921 546.458 1092.92 1639.37 2185.83 2732.29 3278.75 3825.2 4371.66 4918.12 5464.58 6011.04 6557.49 7103.95 7650.41 8196.87 8743.32 9289.78 9836.24 10382.7 10929.2 11475.6 
39 35.0365 25.5878 3 3 2 475 4.24556 486.287 972.574 1458.86 1945.15 2431.43 2917.72 3404.01 3890.3 4376.58 4862.87 5349.16 5835.44 6321.73 6808.02 7294.3 7780.59 8266.88 8753.17 9239.45 9725.74 10212 
40 24.513 34.4309 2 1 3 733 3.29337 61.613 123.226 184.839 246.452 308.065 369.678 431.291 492.904 554.517 616.13 677.743 739.356 800.969 862.582 924.195 985.808 1047.42 1109.03 1170.65 1232.26 1293.87 
41 32.4332 32.4501 1 1 3 621 3.81685 823.209 1646.42 2469.63 3292.83 4116.04 4939.25 5762.46 6585.67 7408.88 8232.09 9055.29 9878.5 10701.7 11524.9 12348.1 13171.3 13994.5 14817.8 15641 16464.2 17287.4 
42 27.7659 29.9874 1 1 2 785 4.90879 287.199 574.399 861.598 1148.8 1436 1723.2 2010.4 2297.59 2584.79 2871.99 3159.19 3446.39 3733.59 4020.79 4307.99 4595.19 4882.39 5169.59 5456.79 5743.99 6031.19 
43 26.3161 22.9952 3 2 1 711 5.14215 865.162 1730.32 2595.49 3460.65 4325.81 5190.97 6056.14 6921.3 7786.46 8651.62 9516.79 10381.9 11247.1 12112.3 12977.4 13842.6 14707.8 15572.9 16438.1 17303.2 18168.4 
44 27.8687 20.515 2 2 3 599 3.57657 427.435 854.87 1282.31 1709.74 2137.18 2564.61 2992.05 3419.48 3846.92 4274.35 4701.79 5129.22 5556.66 5984.09 6411.53 6838.96 7266.4 7693.83 8121.27 8548.7 8976.14 
