idx xloc yloc reus1 reus2 reus3 nonreus servicetime periodic costs(1--3)
0 28.4875 26.0642 2 3 2 611 3.85436 856.048 1712.1 2568.14 3424.19 4280.24 5136.29 5992.34 6848.38 7704.43 8560.48 9416.53 10272.6 11128.6 11984.7 12840.7 13696.8 14552.8 15408.9 16264.9 17121 17977 
1 31.3337 33.4129 1 1 1 466 3.00064 299.363 598.726 898.089 1197.45 1496.82 1796.18 2095.54 2394.91 2694.27 2993.63 3292.99 3592.36 3891.72 4191.08 4490.45 4789.81 5089.17 5388.54 5687.9 5987.26 6286.63 
2 39.0684 38.9539 1 2 1 511 5.5619 222.277 444.553 666.83 889.106 1111.38 1333.66 1555.94 1778.21 2000.49 2222.77 2445.04 2667.32 2889.59 3111.87 3334.15 3556.42 3778.7 4000.98 4223.25 4445.53 4667.81 
3 24.9009 36.1582 2 2 3 769 5.06448 95.8247 191.649 287.474 383.299 479.123 574.948 670.773 766.597 862.422 958.247 1054.07 1149.9 1245.72 1341.55 1437.37 1533.19 1629.02 1724.84 1820.67 1916.49 2012.32 
4 29.1304 28.1756 3 3 2 540 3.85557 271.625 543.25 814.875 1086.5 1358.13 1629.75 1901.38 2173 2444.63 2716.25 2987.88 3259.5 3531.13 3802.75 4074.38 4346 4617.63 4889.25 5160.88 5432.5 5704.13 
5 29.7226 35.4827 2 3 2 697 5.07863 63.6134 127.227 190.84 254.454 318.067 381.68 445.294 508.907 572.52 636.134 699.747 763.361 826.974 890.587 954.201 1017.81 1081.43 1145.04 1208.65 1272.27 1335.88 
6 38.0261 31.1497 1 1 2 738 4.41084 610.747 1221.49 1832.24 2442.99 3053.73 3664.48 4275.23 4885.97 5496.72 6107.47 6718.21 7328.96 7939.71 8550.45 9161.2 9771.95 10382.7 10993.4 11604.2 12214.9 12825.7 
7 30.2868 38.3706 2 3 2 590 3.13095 479.946 959.891 1439.84 1919.78 2399.73 2879.67 3359.62 3839.56 4319.51 4799.46 5279.4 5759.35 6239.29 6719.24 7199.18 7679.13 8159.08 8639.02 9118.97 9598.91 10078.9 
8 30.9582 24.5511 3 1 2 608 3.64139 274.008 548.016 822.024 1096.03 1370.04 1644.05 1918.06 2192.06 2466.07 2740.08 3014.09 3288.1 3562.1 3836.11 4110.12 4384.13 4658.14 4932.14 5206.15 5480.16 5754.17 
9 22.7311 21.2742 1 3 2 691 3.15054 291.074 582.149 873.223 1164.3 1455.37 1746.45 2037.52 2328.59 2619.67 2910.74 3201.82 3492.89 3783.97 4075.04 4366.12 4657.19 4948.26 5239.34 5530.41 5821.49 6112.56 
10 30.1427 29.716 2 3 1 686 3.22459 235.685 471.371 707.056 942.741 1178.43 1414.11 1649.8 1885.48 2121.17 2356.85 2592.54 2828.22 3063.91 3299.59 3535.28 3770.97 4006.65 4242.34 4478.02 4713.71 4949.39 
11 28.0089 37.4434 1 2 3 427 5.58402 53.0649 106.13 159.195 212.26 265.325 318.39 371.454 424.519 477.584 530.649 583.714 636.779 689.844 742.909 795.974 849.039 902.104 955.169 1008.23 1061.3 1114.36 
12 36.5851 25.6905 1 2 2 494 5.31166 676.385 1352.77 2029.16 2705.54 3381.93 4058.31 4734.7 5411.08 6087.47 6763.85 7440.24 8116.62 8793.01 9469.39 10145.8 10822.2 11498.5 12174.9 12851.3 13527.7 14204.1 
13 38.0796 28.6957 1 1 3 428 3.24437 249.382 498.763 748.145 997.526 1246.91 1496.29 1745.67 1995.05 2244.43 2493.82 2743.2 2992.58 3241.96 3491.34 3740.72 3990.11 4239.49 4488.87 4738.25 4987.63 5237.01 
14 38.7542 34.9164 1 1 1 498 5.03506 302.114 604.229 906.343 1208.46 1510.57 1812.69 2114.8 2416.91 2719.03 3021.14 3323.26 3625.37 3927.49 4229.6 4531.71 4833.83 5135.94 5438.06 5740.17 6042.29 6344.4 
15 28.6462 28.4732 3 2 1 773 4.53763 171.887 343.774 515.661 687.548 859.435 1031.32 1203.21 1375.1 1546.98 1718.87 1890.76 2062.64 2234.53 2406.42 2578.3 2750.19 2922.08 3093.96 3265.85 3437.74 3609.63 
16 36.4301 31.912 1 3 1 535 4.75585 925.979 1851.96 2777.94 3703.92 4629.89 5555.87 6481.85 7407.83 8333.81 9259.79 10185.8 11111.7 12037.7 12963.7 13889.7 14815.7 15741.6 16667.6 17593.6 18519.6 19445.6 
17 22.8152 28.0762 3 1 3 542 4.83467 317.906 635.812 953.718 1271.62 1589.53 1907.44 2225.34 2543.25 2861.15 3179.06 3496.97 3814.87 4132.78 4450.68 4768.59 5086.5 5404.4 5722.31 6040.21 6358.12 6676.03 
18 20.8464 33.5205 1 1 3 643 3.15386 559.597 1119.19 1678.79 2238.39 2797.99 3357.58 3917.18 4476.78 5036.37 5595.97 6155.57 6715.17 7274.76 7834.36 8393.96 8953.56 9513.15 10072.7 10632.3 11191.9 11751.5 
19 21.353 24.3806 1 2 2 779 4.47641 385.528 771.056 1156.58 1542.11 1927.64 2313.17 2698.7 3084.22 3469.75 3855.28 4240.81 4626.34 5011.86 5397.39 5782.92 6168.45 6553.98 6939.51 7325.03 7710.56 8096.09 
20 25.6834 30.8131 1 3 1 462 4.35329 839.122 1678.24 2517.37 3356.49 4195.61 5034.73 5873.86 6712.98 7552.1 8391.22 9230.34 10069.5 10908.6 11747.7 12586.8 13426 14265.1 15104.2 15943.3 16782.4 17621.6 
21 34.9782 26.6313 3 1 3 567 3.38704 279.939 559.878 839.817 1119.76 1399.7 1679.63 1959.57 2239.51 2519.45 2799.39 3079.33 3359.27 3639.21 3919.15 4199.09 4479.02 4758.96 5038.9 5318.84 5598.78 5878.72 
22 36.0345 38.9077 2 2 3 572 4.22379 442.454 884.909 1327.36 1769.82 2212.27 2654.73 3097.18 3539.64 3982.09 4424.54 4867 5309.45 5751.91 6194.36 6636.82 7079.27 7521.72 7964.18 8406.63 8849.09 9291.54 
23 32.7462 35.0523 1 3 1 463 4.92348 283.498 566.997 850.495 1133.99 1417.49 1700.99 1984.49 2267.99 2551.49 2834.98 3118.48 3401.98 3685.48 3968.98 4252.48 4535.97 4819.47 5102.97 5386.47 5669.97 5953.47 
24 21.1193 23.039 2 1 3 418 5.42394 104.599 209.199 313.798 418.398 522.997 627.596 732.196 836.795 941.395 1045.99 1150.59 1255.19 1359.79 1464.39 1568.99 1673.59 1778.19 1882.79 1987.39 2091.99 2196.59 
25 31.8252 30.5738 2 1 2 498 5.93371 227.172 454.343 681.515 908.687 1135.86 1363.03 1590.2 1817.37 2044.54 2271.72 2498.89 2726.06 2953.23 3180.4 3407.57 3634.75 3861.92 4089.09 4316.26 4543.43 4770.6 
26 26.4999 32.9905 1 3 2 766 3.62944 645.588 1291.18 1936.76 2582.35 3227.94 3873.53 4519.11 5164.7 5810.29 6455.88 7101.47 7747.05 8392.64 9038.23 9683.82 10329.4 10975 11620.6 12266.2 12911.8 13557.3 
27 35.4514 29.5623 2 1 2 746 3.86495 525.477 1050.95 1576.43 2101.91 2627.38 3152.86 3678.34 4203.81 4729.29 5254.77 5780.24 6305.72 6831.2 7356.67 7882.15 8407.63 8933.1 9458.58 9984.06 10509.5 11035 
28 39.1311 39.1746 3 1 3 614 5.37425 481.441 962.882 1444.32 1925.76 2407.21 2888.65 3370.09 3851.53 4332.97 4814.41 5295.85 5777.29 6258.73 6740.18 7221.62 7703.06 8184.5 8665.94 9147.38 9628.82 10110.3 
29 39.6189 22.2059 3 1 1 449 5.72278 100.625 201.249 301.874 402.499 503.123 603.748 704.373 804.997 905.622 1006.25 1106.87 1207.5 1308.12 1408.75 1509.37 1609.99 1710.62 1811.24 1911.87 2012.49 2113.12 
30 32.3009 22.5658 1 2 3 693 4.67017 700.997 1401.99 2102.99 2803.99 3504.98 4205.98 4906.98 5607.97 6308.97 7009.97 7710.96 8411.96 9112.96 9813.95 10515 11215.9 11916.9 12617.9 13318.9 14019.9 14720.9 
31 21.3541 37.3819 3 2 2 546 4.2504 430.281 860.561 1290.84 1721.12 2151.4 2581.68 3011.96 3442.24 3872.53 4302.81 4733.09 5163.37 5593.65 6023.93 6454.21 6884.49 7314.77 7745.05 8175.33 8605.61 9035.89 
32 30.4291 20.3992 1 2 3 645 5.97869 964.004 1928.01 2892.01 3856.02 4820.02 5784.02 6748.03 7712.03 8676.04 9640.04 10604 11568 12532.1 13496.1 14460.1 15424.1 16388.1 17352.1 18316.1 19280.1 20244.1 
33 39.1094 22.0293 2 2 3 523 5.6191 481.921 963.842 1445.76 1927.68 2409.61 2891.53 3373.45 3855.37 4337.29 4819.21 5301.13 5783.05 6264.97 6746.9 7228.82 7710.74 8192.66 8674.58 9156.5 9638.42 10120.3 
34 21.7687 22.1929 1 1 2 495 4.37656 701.599 1403.2 2104.8 2806.4 3508 4209.6 4911.19 5612.79 6314.39 7015.99 7717.59 8419.19 9120.79 9822.39 10524 11225.6 11927.2 12628.8 13330.4 14032 14733.6 
35 27.7824 30.5016 3 1 1 732 5.99495 962.316 1924.63 2886.95 3849.26 4811.58 5773.9 6736.21 7698.53 8660.85 9623.16 10585.5 11547.8 12510.1 13472.4 14434.7 15397.1 16359.4 17321.7 18284 19246.3 20208.6 
36 31.3252 32.0885 1 3 3 689 3.94799 783.492 1566.98 2350.48 3133.97 3917.46 4700.95 5484.44 6267.94 7051.43 7834.92 8618.41 9401.9 10185.4 10968.9 11752.4 12535.9 13319.4 14102.9 14886.3 15669.8 16453.3 
37 38.4126 35.3803 3 2 1 402 4.67078 55.7467 111.493 167.24 222.987 278.734 334.48 390.227 445.974 501.72 557.467 613.214 668.961 724.707 780.454 836.201 891.947 947.694 1003.44 1059.19 1114.93 1170.68 
38 39.948 35.3682 1 2 1 714 5.99824 905.727 1811.45 2717.18 3622.91 4528.63 5434.36 6340.09 7245.82 8151.54 9057.27 9963 10868.7 11774.4 12680.2 13585.9 14491.6 15397.4 16303.1 17208.8 18114.5 19020.3 
39 37.8244 20.7276 3 1 2 461 4.82008 254.438 508.877 763.315 1017.75 1272.19 1526.63 1781.07 2035.51 2289.95 2544.38 2798.82 3053.26 3307.7 3562.14 3816.58 4071.01 4325.45 4579.89 4834.33 5088.77 5343.21 
40 38.6732 36.2432 1 1 2 559 5.43835 90.6379 181.276 271.914 362.552 453.19 543.827 634.465 725.103 815.741 906.379 997.017 1087.65 1178.29 1268.93 1359.57 1450.21 1540.84 1631.48 1722.12 1812.76 1903.4 
41 27.348 23.4832 3 2 2 691 3.10539 846.543 1693.09 2539.63 3386.17 4232.71 5079.26 5925.8 6772.34 7618.88 8465.43 9311.97 10158.5 11005.1 11851.6 12698.1 13544.7 14391.2 15237.8 16084.3 16930.9 17777.4 
42 39.4205 36.0304 1 2 1 782 5.66438 959.693 1919.39 2879.08 3838.77 4798.46 5758.16 6717.85 7677.54 8637.23 9596.93 10556.6 11516.3 12476 13435.7 14395.4 15355.1 16314.8 17274.5 18234.2 19193.9 20153.5 
43 34.824 23.3739 2 2 2 705 4.30589 960.117 1920.23 2880.35 3840.47 4800.58 5760.7 6720.82 7680.93 8641.05 9601.17 10561.3 11521.4 12481.5 13441.6 14401.8 15361.9 16322 17282.1 18242.2 19202.3 20162.5 
44 39.0695 27.8777 1 1 3 774 3.11127 314.659 629.318 943.977 1258.64 1573.29 1887.95 2202.61 2517.27 2831.93 3146.59 3461.25 3775.91 4090.57 4405.22 4719.88 5034.54 5349.2 5663.86 5978.52 6293.18 6607.84 
