idx xloc yloc reus1 reus2 reus3 nonreus servicetime periodic costs(1--3)
0 33.9121 22.2537 1 2 2 638 4.65862 357.111 714.221 1071.33 1428.44 1785.55 2142.66 2499.77 2856.88 3214 3571.11 3928.22 4285.33 4642.44 4999.55 
1 21.8987 25.7326 2 1 1 471 4.95163 118.538 237.076 355.614 474.152 592.69 711.228 829.766 948.304 1066.84 1185.38 1303.92 1422.46 1540.99 1659.53 
2 35.0793 20.6826 3 3 3 578 3.02424 791.776 1583.55 2375.33 3167.11 3958.88 4750.66 5542.44 6334.21 7125.99 7917.76 8709.54 9501.32 10293.1 11084.9 
3 21.6937 38.395 1 2 2 617 3.03259 140.133 280.265 420.398 560.531 700.663 840.796 980.928 1121.06 1261.19 1401.33 1541.46 1681.59 1821.72 1961.86 
4 23.2205 25.0192 2 3 3 426 3.21181 924.444 1848.89 2773.33 3697.77 4622.22 5546.66 6471.11 7395.55 8319.99 9244.44 10168.9 11093.3 12017.8 12942.2 
5 30.8559 27.4141 3 3 2 664 4.71946 935.817 1871.63 2807.45 3743.27 4679.08 5614.9 6550.72 7486.54 8422.35 9358.17 10294 11229.8 12165.6 13101.4 
6 32.6938 34.0113 1 1 1 502 3.45924 557.265 1114.53 1671.79 2229.06 2786.32 3343.59 3900.85 4458.12 5015.38 5572.65 6129.91 6687.17 7244.44 7801.7 
7 37.9936 29.7191 3 1 1 683 5.60433 532.288 1064.58 1596.86 2129.15 2661.44 3193.73 3726.02 4258.31 4790.59 5322.88 5855.17 6387.46 6919.75 7452.04 
8 29.5285 38.2149 1 3 3 446 5.49586 953.052 1906.1 2859.16 3812.21 4765.26 5718.31 6671.37 7624.42 8577.47 9530.52 10483.6 11436.6 12389.7 13342.7 
9 38.9953 20.6002 3 3 3 659 4.93071 230.448 460.896 691.343 921.791 1152.24 1382.69 1613.13 1843.58 2074.03 2304.48 2534.93 2765.37 2995.82 3226.27 
10 25.533 31.8801 2 3 2 426 3.54295 706.703 1413.41 2120.11 2826.81 3533.52 4240.22 4946.92 5653.63 6360.33 7067.03 7773.74 8480.44 9187.14 9893.85 
11 23.6416 20.6343 1 3 3 739 5.39759 279.001 558.001 837.002 1116 1395 1674 1953 2232 2511.01 2790.01 3069.01 3348.01 3627.01 3906.01 
12 36.3645 34.0772 3 1 3 410 4.29924 946.444 1892.89 2839.33 3785.78 4732.22 5678.67 6625.11 7571.56 8518 9464.44 10410.9 11357.3 12303.8 13250.2 
13 21.7498 37.9996 2 2 1 661 5.99897 410.131 820.262 1230.39 1640.52 2050.65 2460.79 2870.92 3281.05 3691.18 4101.31 4511.44 4921.57 5331.7 5741.83 
14 22.1464 32.1825 3 3 1 633 3.86276 492.082 984.163 1476.25 1968.33 2460.41 2952.49 3444.57 3936.65 4428.74 4920.82 5412.9 5904.98 6397.06 6889.14 
15 26.0743 24.1686 2 2 1 704 4.02516 116.445 232.89 349.336 465.781 582.226 698.671 815.117 931.562 1048.01 1164.45 1280.9 1397.34 1513.79 1630.23 
16 29.0832 33.9661 1 2 2 409 3.09448 485.426 970.853 1456.28 1941.71 2427.13 2912.56 3397.98 3883.41 4368.84 4854.26 5339.69 5825.12 6310.54 6795.97 
17 37.509 31.1394 3 3 3 433 3.90396 408.873 817.746 1226.62 1635.49 2044.37 2453.24 2862.11 3270.98 3679.86 4088.73 4497.6 4906.48 5315.35 5724.22 
18 31.2728 22.1048 1 3 3 744 3.28438 558.511 1117.02 1675.53 2234.04 2792.56 3351.07 3909.58 4468.09 5026.6 5585.11 6143.62 6702.13 7260.65 7819.16 
19 35.6646 20.5675 3 1 3 526 5.66926 547.654 1095.31 1642.96 2190.61 2738.27 3285.92 3833.58 4381.23 4928.88 5476.54 6024.19 6571.84 7119.5 7667.15 
20 32.0327 35.3461 2 3 1 799 4.90452 736.891 1473.78 2210.67 2947.56 3684.45 4421.34 5158.23 5895.12 6632.01 7368.91 8105.8 8842.69 9579.58 10316.5 
21 22.3807 29.8818 2 1 3 758 4.24683 923.29 1846.58 2769.87 3693.16 4616.45 5539.74 6463.03 7386.32 8309.61 9232.9 10156.2 11079.5 12002.8 12926.1 
22 36.1545 38.15 2 2 2 633 3.16947 258.532 517.064 775.596 1034.13 1292.66 1551.19 1809.72 2068.26 2326.79 2585.32 2843.85 3102.38 3360.92 3619.45 
23 36.2021 33.9373 2 2 1 726 3.52223 427.823 855.645 1283.47 1711.29 2139.11 2566.94 2994.76 3422.58 3850.4 4278.23 4706.05 5133.87 5561.7 5989.52 
24 39.0436 38.2738 1 3 1 462 3.93627 425.331 850.661 1275.99 1701.32 2126.65 2551.98 2977.31 3402.64 3827.98 4253.31 4678.64 5103.97 5529.3 5954.63 
25 36.7977 26.238 3 3 3 677 3.30975 622.739 1245.48 1868.22 2490.96 3113.7 3736.43 4359.17 4981.91 5604.65 6227.39 6850.13 7472.87 8095.61 8718.35 
26 35.8185 23.0359 1 3 2 670 5.03368 976.244 1952.49 2928.73 3904.97 4881.22 5857.46 6833.71 7809.95 8786.19 9762.44 10738.7 11714.9 12691.2 13667.4 
27 21.6714 39.3537 2 3 1 441 5.17839 337.02 674.039 1011.06 1348.08 1685.1 2022.12 2359.14 2696.16 3033.18 3370.2 3707.22 4044.24 4381.26 4718.28 
28 25.2105 35.5424 2 1 1 557 3.99965 632.591 1265.18 1897.77 2530.37 3162.96 3795.55 4428.14 5060.73 5693.32 6325.91 6958.5 7591.1 8223.69 8856.28 
29 22.3898 25.7079 1 1 3 567 3.36782 444.086 888.172 1332.26 1776.34 2220.43 2664.52 3108.6 3552.69 3996.78 4440.86 4884.95 5329.03 5773.12 6217.21 
30 23.9666 28.0815 2 3 3 628 3.59978 584.959 1169.92 1754.88 2339.83 2924.79 3509.75 4094.71 4679.67 5264.63 5849.59 6434.55 7019.5 7604.46 8189.42 
31 37.0462 35.4976 3 3 1 427 3.2822 255.551 511.103 766.654 1022.21 1277.76 1533.31 1788.86 2044.41 2299.96 2555.51 2811.06 3066.62 3322.17 3577.72 
32 33.9012 30.5141 3 1 3 647 3.72354 367.411 734.821 1102.23 1469.64 1837.05 2204.46 2571.87 2939.29 3306.7 3674.11 4041.52 4408.93 4776.34 5143.75 
33 20.096 34.5398 2 3 1 574 4.28421 890.747 1781.49 2672.24 3562.99 4453.74 5344.48 6235.23 7125.98 8016.72 8907.47 9798.22 10689 11579.7 12470.5 
34 38.2789 20.5607 3 3 2 659 4.60694 497.161 994.323 1491.48 1988.65 2485.81 2982.97 3480.13 3977.29 4474.45 4971.61 5468.77 5965.94 6463.1 6960.26 
35 34.5834 27.2313 1 1 1 789 5.28058 708.636 1417.27 2125.91 2834.55 3543.18 4251.82 4960.46 5669.09 6377.73 7086.36 7795 8503.64 9212.27 9920.91 
36 37.1965 26.0113 1 3 2 698 4.95747 839.224 1678.45 2517.67 3356.9 4196.12 5035.35 5874.57 6713.79 7553.02 8392.24 9231.47 10070.7 10909.9 11749.1 
37 38.7117 24.6791 2 2 2 637 5.03442 660.707 1321.41 1982.12 2642.83 3303.53 3964.24 4624.95 5285.65 5946.36 6607.07 7267.77 7928.48 8589.19 9249.9 
38 38.1763 22.7675 2 3 1 769 4.09416 363.221 726.442 1089.66 1452.88 1816.11 2179.33 2542.55 2905.77 3268.99 3632.21 3995.43 4358.65 4721.88 5085.1 
39 33.9598 34.0389 1 3 1 432 3.4339 300.98 601.959 902.939 1203.92 1504.9 1805.88 2106.86 2407.84 2708.82 3009.8 3310.77 3611.75 3912.73 4213.71 
40 25.738 26.4054 3 3 1 695 5.96921 657.051 1314.1 1971.15 2628.2 3285.25 3942.3 4599.35 5256.41 5913.46 6570.51 7227.56 7884.61 8541.66 9198.71 
41 29.5913 38.1824 1 3 1 788 5.87697 842.81 1685.62 2528.43 3371.24 4214.05 5056.86 5899.67 6742.48 7585.29 8428.1 9270.91 10113.7 10956.5 11799.3 
42 25.941 24.8425 2 1 1 475 4.77086 439.331 878.662 1317.99 1757.32 2196.65 2635.99 3075.32 3514.65 3953.98 4393.31 4832.64 5271.97 5711.3 6150.63 
43 31.819 32.5134 1 3 3 515 5.03419 529.122 1058.24 1587.37 2116.49 2645.61 3174.73 3703.85 4232.98 4762.1 5291.22 5820.34 6349.47 6878.59 7407.71 
44 21.974 28.1897 3 1 1 402 4.61699 953.876 1907.75 2861.63 3815.51 4769.38 5723.26 6677.14 7631.01 8584.89 9538.76 10492.6 11446.5 12400.4 13354.3 
