idx xloc yloc reus1 reus2 reus3 nonreus servicetime periodic costs(1--3)
0 27.6959 21.0256 1 1 3 729 3.70585 765.092 1530.18 2295.28 3060.37 3825.46 4590.55 5355.64 6120.73 6885.83 7650.92 8416.01 9181.1 9946.19 10711.3 
1 37.97 26.7444 1 3 1 700 3.70401 496.093 992.187 1488.28 1984.37 2480.47 2976.56 3472.65 3968.75 4464.84 4960.93 5457.03 5953.12 6449.21 6945.31 
2 33.2957 21.0787 1 3 3 513 3.73168 901.347 1802.69 2704.04 3605.39 4506.74 5408.08 6309.43 7210.78 8112.12 9013.47 9914.82 10816.2 11717.5 12618.9 
3 38.881 20.7292 3 1 2 701 4.85723 457.055 914.11 1371.16 1828.22 2285.27 2742.33 3199.38 3656.44 4113.49 4570.55 5027.6 5484.66 5941.71 6398.77 
4 27.6527 39.3966 3 2 2 671 5.07768 888.958 1777.92 2666.87 3555.83 4444.79 5333.75 6222.71 7111.67 8000.62 8889.58 9778.54 10667.5 11556.5 12445.4 
5 26.588 24.7631 1 1 1 538 5.8872 628.198 1256.4 1884.59 2512.79 3140.99 3769.19 4397.39 5025.59 5653.78 6281.98 6910.18 7538.38 8166.58 8794.78 
6 26.6086 30.835 2 3 1 600 5.12154 913.229 1826.46 2739.69 3652.91 4566.14 5479.37 6392.6 7305.83 8219.06 9132.29 10045.5 10958.7 11872 12785.2 
7 32.3285 28.8674 1 1 3 561 3.75222 211.196 422.391 633.587 844.782 1055.98 1267.17 1478.37 1689.56 1900.76 2111.96 2323.15 2534.35 2745.54 2956.74 
8 35.0792 32.5242 3 3 2 769 4.91782 394.997 789.993 1184.99 1579.99 1974.98 2369.98 2764.98 3159.97 3554.97 3949.97 4344.96 4739.96 5134.96 5529.95 
9 32.7793 29.0277 1 3 3 653 5.96398 602.979 1205.96 1808.94 2411.92 3014.9 3617.88 4220.86 4823.84 5426.81 6029.79 6632.77 7235.75 7838.73 8441.71 
10 36.4338 34.3926 1 2 3 536 4.74211 290.216 580.432 870.647 1160.86 1451.08 1741.29 2031.51 2321.73 2611.94 2902.16 3192.37 3482.59 3772.81 4063.02 
11 21.061 32.0539 2 1 1 506 3.88264 273.68 547.36 821.04 1094.72 1368.4 1642.08 1915.76 2189.44 2463.12 2736.8 3010.48 3284.16 3557.84 3831.52 
12 20.8465 36.1332 2 1 1 611 5.73726 869.876 1739.75 2609.63 3479.51 4349.38 5219.26 6089.13 6959.01 7828.89 8698.76 9568.64 10438.5 11308.4 12178.3 
13 20.5148 31.4185 2 1 3 421 5.04997 797.984 1595.97 2393.95 3191.94 3989.92 4787.9 5585.89 6383.87 7181.85 7979.84 8777.82 9575.81 10373.8 11171.8 
14 26.428 29.786 3 3 3 584 4.33597 674.286 1348.57 2022.86 2697.14 3371.43 4045.71 4720 5394.28 6068.57 6742.86 7417.14 8091.43 8765.71 9440 
15 33.4131 25.1084 3 3 1 492 5.86989 641.608 1283.22 1924.82 2566.43 3208.04 3849.65 4491.26 5132.86 5774.47 6416.08 7057.69 7699.3 8340.9 8982.51 
16 20.3703 21.6805 1 3 2 572 4.43575 587.257 1174.51 1761.77 2349.03 2936.29 3523.54 4110.8 4698.06 5285.32 5872.57 6459.83 7047.09 7634.34 8221.6 
17 26.7122 39.967 2 1 1 589 5.56509 503.252 1006.5 1509.76 2013.01 2516.26 3019.51 3522.77 4026.02 4529.27 5032.52 5535.78 6039.03 6542.28 7045.53 
18 34.5378 32.1747 3 2 2 446 3.24305 664.984 1329.97 1994.95 2659.94 3324.92 3989.9 4654.89 5319.87 5984.86 6649.84 7314.83 7979.81 8644.79 9309.78 
19 20.6876 20.2386 3 1 2 748 5.92671 269.67 539.34 809.01 1078.68 1348.35 1618.02 1887.69 2157.36 2427.03 2696.7 2966.37 3236.04 3505.71 3775.38 
20 37.347 28.7727 2 2 3 670 4.50134 745.127 1490.25 2235.38 2980.51 3725.63 4470.76 5215.89 5961.01 6706.14 7451.27 8196.39 8941.52 9686.65 10431.8 
21 34.6674 33.415 3 2 2 633 4.11832 402.88 805.759 1208.64 1611.52 2014.4 2417.28 2820.16 3223.04 3625.92 4028.8 4431.68 4834.56 5237.44 5640.32 
22 21.7362 37.9557 1 2 2 615 5.28366 107.696 215.392 323.088 430.784 538.48 646.176 753.872 861.568 969.264 1076.96 1184.66 1292.35 1400.05 1507.74 
23 34.6576 22.4673 2 2 1 523 3.67491 898.236 1796.47 2694.71 3592.94 4491.18 5389.41 6287.65 7185.89 8084.12 8982.36 9880.59 10778.8 11677.1 12575.3 
24 21.9809 29.899 3 2 1 659 4.45888 936.883 1873.77 2810.65 3747.53 4684.41 5621.3 6558.18 7495.06 8431.94 9368.83 10305.7 11242.6 12179.5 13116.4 
25 35.603 25.1202 3 1 2 708 4.06701 295.739 591.479 887.218 1182.96 1478.7 1774.44 2070.18 2365.92 2661.66 2957.39 3253.13 3548.87 3844.61 4140.35 
26 39.5427 36.1823 3 2 3 694 3.67596 791.092 1582.18 2373.28 3164.37 3955.46 4746.55 5537.65 6328.74 7119.83 7910.92 8702.02 9493.11 10284.2 11075.3 
27 22.9132 29.5721 1 3 1 675 5.22243 262.436 524.871 787.307 1049.74 1312.18 1574.61 1837.05 2099.48 2361.92 2624.36 2886.79 3149.23 3411.66 3674.1 
28 21.8641 20.6341 2 2 3 724 4.10829 648.327 1296.65 1944.98 2593.31 3241.64 3889.96 4538.29 5186.62 5834.94 6483.27 7131.6 7779.93 8428.25 9076.58 
29 24.8036 25.8262 3 1 3 427 5.79697 858.215 1716.43 2574.65 3432.86 4291.08 5149.29 6007.51 6865.72 7723.94 8582.15 9440.37 10298.6 11156.8 12015 
30 39.967 29.221 1 2 1 771 5.46023 152.893 305.786 458.679 611.572 764.465 917.359 1070.25 1223.14 1376.04 1528.93 1681.82 1834.72 1987.61 2140.5 
31 22.8346 33.2892 1 2 1 705 3.81056 771.972 1543.94 2315.92 3087.89 3859.86 4631.83 5403.8 6175.77 6947.75 7719.72 8491.69 9263.66 10035.6 10807.6 
32 36.8376 27.9167 2 1 3 652 4.97416 584.152 1168.3 1752.46 2336.61 2920.76 3504.91 4089.07 4673.22 5257.37 5841.52 6425.67 7009.83 7593.98 8178.13 
33 21.5063 21.4343 3 1 2 761 4.79351 977.13 1954.26 2931.39 3908.52 4885.65 5862.78 6839.91 7817.04 8794.17 9771.3 10748.4 11725.6 12702.7 13679.8 
34 38.9121 24.4499 3 2 2 620 5.15645 334.87 669.739 1004.61 1339.48 1674.35 2009.22 2344.09 2678.96 3013.83 3348.7 3683.57 4018.43 4353.3 4688.17 
35 23.9468 25.9233 2 2 1 715 3.4348 627.999 1256 1884 2511.99 3139.99 3767.99 4395.99 5023.99 5651.99 6279.99 6907.98 7535.98 8163.98 8791.98 
36 37.2765 22.9608 1 3 2 571 4.33252 551.82 1103.64 1655.46 2207.28 2759.1 3310.92 3862.74 4414.56 4966.38 5518.2 6070.02 6621.84 7173.66 7725.48 
37 38.885 20.099 1 1 2 672 4.11973 352.612 705.224 1057.84 1410.45 1763.06 2115.67 2468.28 2820.9 3173.51 3526.12 3878.73 4231.34 4583.96 4936.57 
38 32.3551 20.3644 2 2 1 708 4.05266 860.822 1721.64 2582.47 3443.29 4304.11 5164.93 6025.76 6886.58 7747.4 8608.22 9469.05 10329.9 11190.7 12051.5 
39 31.0448 37.981 2 3 2 400 4.03431 757.012 1514.02 2271.04 3028.05 3785.06 4542.07 5299.09 6056.1 6813.11 7570.12 8327.14 9084.15 9841.16 10598.2 
40 31.6305 23.8425 3 3 2 464 3.81839 511.52 1023.04 1534.56 2046.08 2557.6 3069.12 3580.64 4092.16 4603.68 5115.2 5626.72 6138.24 6649.76 7161.28 
41 23.197 27.8224 2 3 3 758 5.12379 942.448 1884.9 2827.34 3769.79 4712.24 5654.69 6597.14 7539.59 8482.03 9424.48 10366.9 11309.4 12251.8 13194.3 
42 26.0273 21.5691 1 2 3 441 5.55198 464.513 929.026 1393.54 1858.05 2322.57 2787.08 3251.59 3716.11 4180.62 4645.13 5109.64 5574.16 6038.67 6503.18 
43 34.3527 39.397 1 2 3 468 3.62544 362.96 725.919 1088.88 1451.84 1814.8 2177.76 2540.72 2903.68 3266.64 3629.6 3992.56 4355.51 4718.47 5081.43 
44 22.6044 25.6195 2 1 1 521 5.23674 648.977 1297.95 1946.93 2595.91 3244.89 3893.86 4542.84 5191.82 5840.8 6489.77 7138.75 7787.73 8436.7 9085.68 
