idx xloc yloc reus1 reus2 reus3 nonreus servicetime periodic costs(1--3)
0 33.9547 32.1533 3 1 2 550 4.41759 772.643 1545.29 2317.93 3090.57 3863.21 4635.86 5408.5 6181.14 6953.78 7726.43 8499.07 9271.71 10044.4 10817 
1 35.3388 29.031 3 3 1 789 4.30424 515.981 1031.96 1547.94 2063.93 2579.91 3095.89 3611.87 4127.85 4643.83 5159.81 5675.79 6191.78 6707.76 7223.74 
2 28.3701 33.5466 3 2 1 461 4.24839 924.172 1848.34 2772.52 3696.69 4620.86 5545.03 6469.2 7393.38 8317.55 9241.72 10165.9 11090.1 12014.2 12938.4 
3 21.0387 34.2741 3 3 3 751 4.96157 528.599 1057.2 1585.8 2114.4 2643 3171.6 3700.2 4228.8 4757.4 5285.99 5814.59 6343.19 6871.79 7400.39 
4 25.8299 35.9622 1 3 3 764 3.85928 970.459 1940.92 2911.38 3881.84 4852.3 5822.75 6793.21 7763.67 8734.13 9704.59 10675 11645.5 12616 13586.4 
5 21.7091 20.8942 1 1 3 639 3.6082 364.41 728.82 1093.23 1457.64 1822.05 2186.46 2550.87 2915.28 3279.69 3644.1 4008.51 4372.92 4737.33 5101.74 
6 27.9905 39.4966 3 3 3 446 5.53741 891.713 1783.43 2675.14 3566.85 4458.57 5350.28 6241.99 7133.71 8025.42 8917.13 9808.85 10700.6 11592.3 12484 
7 34.2259 23.3797 3 3 3 787 5.82895 351.867 703.734 1055.6 1407.47 1759.34 2111.2 2463.07 2814.94 3166.8 3518.67 3870.54 4222.4 4574.27 4926.14 
8 36.9577 29.8456 2 3 2 423 5.74266 791.124 1582.25 2373.37 3164.5 3955.62 4746.74 5537.87 6328.99 7120.12 7911.24 8702.36 9493.49 10284.6 11075.7 
9 30.3209 21.5371 1 2 3 449 5.38029 529.109 1058.22 1587.33 2116.44 2645.55 3174.65 3703.76 4232.87 4761.98 5291.09 5820.2 6349.31 6878.42 7407.53 
10 39.2991 29.833 1 1 3 787 4.14057 887.95 1775.9 2663.85 3551.8 4439.75 5327.7 6215.65 7103.6 7991.55 8879.5 9767.45 10655.4 11543.4 12431.3 
11 20.7032 20.091 3 3 1 736 4.67348 461.92 923.839 1385.76 1847.68 2309.6 2771.52 3233.44 3695.36 4157.28 4619.2 5081.12 5543.04 6004.96 6466.88 
12 23.8277 30.0604 2 1 2 664 5.08137 214.764 429.527 644.291 859.054 1073.82 1288.58 1503.35 1718.11 1932.87 2147.64 2362.4 2577.16 2791.93 3006.69 
13 39.5898 39.4371 1 2 2 434 4.61523 340.92 681.841 1022.76 1363.68 1704.6 2045.52 2386.44 2727.36 3068.28 3409.2 3750.13 4091.05 4431.97 4772.89 
14 36.9062 23.0913 1 3 2 547 3.50179 462.942 925.884 1388.83 1851.77 2314.71 2777.65 3240.59 3703.54 4166.48 4629.42 5092.36 5555.3 6018.25 6481.19 
15 35.026 20.8908 1 1 2 500 3.27197 701.75 1403.5 2105.25 2807 3508.75 4210.5 4912.25 5614 6315.75 7017.5 7719.25 8421 9122.75 9824.5 
16 35.1035 38.8248 1 2 3 514 3.02999 456.646 913.293 1369.94 1826.59 2283.23 2739.88 3196.53 3653.17 4109.82 4566.46 5023.11 5479.76 5936.4 6393.05 
17 27.4058 27.2611 2 3 2 407 5.00453 99.8808 199.762 299.642 399.523 499.404 599.285 699.166 799.046 898.927 998.808 1098.69 1198.57 1298.45 1398.33 
18 28.0602 20.4742 2 3 1 450 4.76082 167.46 334.919 502.379 669.838 837.298 1004.76 1172.22 1339.68 1507.14 1674.6 1842.06 2009.51 2176.97 2344.43 
19 35.34 24.1157 3 3 2 775 3.40762 784.786 1569.57 2354.36 3139.14 3923.93 4708.72 5493.5 6278.29 7063.07 7847.86 8632.64 9417.43 10202.2 10987 
20 27.9648 39.7573 1 3 3 409 3.4044 387.847 775.695 1163.54 1551.39 1939.24 2327.08 2714.93 3102.78 3490.63 3878.47 4266.32 4654.17 5042.02 5429.86 
21 28.8877 31.2327 3 3 2 524 3.2158 954.411 1908.82 2863.23 3817.65 4772.06 5726.47 6680.88 7635.29 8589.7 9544.11 10498.5 11452.9 12407.3 13361.8 
22 23.8891 27.6659 1 1 1 555 3.97654 868.933 1737.87 2606.8 3475.73 4344.67 5213.6 6082.53 6951.47 7820.4 8689.33 9558.27 10427.2 11296.1 12165.1 
23 23.6995 21.2094 3 2 2 444 4.16517 524.631 1049.26 1573.89 2098.52 2623.15 3147.78 3672.42 4197.05 4721.68 5246.31 5770.94 6295.57 6820.2 7344.83 
24 32.3641 34.2499 1 1 1 723 4.25817 180.424 360.848 541.271 721.695 902.119 1082.54 1262.97 1443.39 1623.81 1804.24 1984.66 2165.09 2345.51 2525.93 
25 36.5093 25.8749 2 2 3 457 3.56841 435.329 870.657 1305.99 1741.31 2176.64 2611.97 3047.3 3482.63 3917.96 4353.29 4788.62 5223.94 5659.27 6094.6 
26 20.2474 24.7132 3 1 3 475 5.98668 454.887 909.775 1364.66 1819.55 2274.44 2729.32 3184.21 3639.1 4093.99 4548.87 5003.76 5458.65 5913.54 6368.42 
27 37.6134 35.7832 2 2 1 450 5.16723 538.154 1076.31 1614.46 2152.62 2690.77 3228.93 3767.08 4305.23 4843.39 5381.54 5919.7 6457.85 6996 7534.16 
28 38.5069 33.2291 1 2 1 745 5.52057 110.33 220.66 330.99 441.319 551.649 661.979 772.309 882.639 992.969 1103.3 1213.63 1323.96 1434.29 1544.62 
29 32.0442 36.2221 2 2 1 668 3.7015 881.66 1763.32 2644.98 3526.64 4408.3 5289.96 6171.62 7053.28 7934.94 8816.6 9698.26 10579.9 11461.6 12343.2 
30 34.4861 39.7078 2 3 2 537 4.70716 682.805 1365.61 2048.42 2731.22 3414.03 4096.83 4779.64 5462.44 6145.25 6828.05 7510.86 8193.66 8876.47 9559.27 
31 39.0225 34.8424 2 3 1 627 3.49928 786.729 1573.46 2360.19 3146.92 3933.65 4720.38 5507.1 6293.83 7080.56 7867.29 8654.02 9440.75 10227.5 11014.2 
32 34.1258 26.5916 2 2 3 729 3.44709 264.317 528.634 792.951 1057.27 1321.59 1585.9 1850.22 2114.54 2378.85 2643.17 2907.49 3171.8 3436.12 3700.44 
33 21.3345 39.0934 2 3 1 510 4.22063 252.004 504.008 756.012 1008.02 1260.02 1512.02 1764.03 2016.03 2268.04 2520.04 2772.05 3024.05 3276.05 3528.06 
34 20.9708 38.5365 3 2 2 790 3.61811 390.579 781.159 1171.74 1562.32 1952.9 2343.48 2734.06 3124.64 3515.21 3905.79 4296.37 4686.95 5077.53 5468.11 
35 36.919 28.0439 3 2 2 438 3.04174 562.13 1124.26 1686.39 2248.52 2810.65 3372.78 3934.91 4497.04 5059.17 5621.3 6183.43 6745.56 7307.69 7869.83 
36 25.1546 25.8909 2 2 2 770 3.82585 695.045 1390.09 2085.13 2780.18 3475.22 4170.27 4865.31 5560.36 6255.4 6950.45 7645.49 8340.53 9035.58 9730.62 
37 24.9791 35.5483 1 2 2 767 4.54289 462.929 925.857 1388.79 1851.71 2314.64 2777.57 3240.5 3703.43 4166.36 4629.29 5092.21 5555.14 6018.07 6481 
38 26.4301 30.0372 2 2 2 432 4.12036 549.045 1098.09 1647.13 2196.18 2745.22 3294.27 3843.31 4392.36 4941.4 5490.45 6039.49 6588.54 7137.58 7686.63 
39 21.5384 33.6574 3 1 2 600 3.87298 663.463 1326.93 1990.39 2653.85 3317.32 3980.78 4644.24 5307.7 5971.17 6634.63 7298.09 7961.56 8625.02 9288.48 
40 37.1417 32.7305 1 2 1 606 5.61938 222.262 444.524 666.785 889.047 1111.31 1333.57 1555.83 1778.09 2000.36 2222.62 2444.88 2667.14 2889.4 3111.66 
41 31.28 36.7454 1 2 2 588 5.35852 596.538 1193.08 1789.61 2386.15 2982.69 3579.23 4175.76 4772.3 5368.84 5965.38 6561.91 7158.45 7754.99 8351.53 
42 26.3275 28.6297 1 1 3 439 3.99493 200.906 401.813 602.719 803.625 1004.53 1205.44 1406.34 1607.25 1808.16 2009.06 2209.97 2410.88 2611.78 2812.69 
43 25.0477 39.6068 3 2 3 617 3.38344 925.597 1851.19 2776.79 3702.39 4627.98 5553.58 6479.18 7404.78 8330.37 9255.97 10181.6 11107.2 12032.8 12958.4 
44 29.0291 24.0736 2 3 3 509 4.51192 300.827 601.654 902.481 1203.31 1504.13 1804.96 2105.79 2406.62 2707.44 3008.27 3309.1 3609.92 3910.75 4211.58 
