idx xloc yloc reus1 reus2 reus3 nonreus servicetime periodic costs(1--3)
0 34.0652 32.312 2 3 2 600 2.76378 585.603 1171.21 1756.81 
1 39.8543 36.6571 2 3 3 615 2.27657 328.306 656.613 984.919 
2 35.8984 37.0251 1 2 1 775 4.29563 175.312 350.623 525.935 
3 33.1844 21.0656 2 2 1 781 3.37235 304.274 608.547 912.821 
4 20.2362 22.7574 2 3 3 616 2.53973 0 0 0 
5 33.5897 32.6489 1 2 1 568 2.89091 0 0 0 
6 25.0295 20.4322 2 2 3 760 3.20801 78.8534 157.707 236.56 
7 34.0112 29.9803 1 1 2 673 3.14211 467.795 935.589 1403.38 
8 39.0948 20.5191 2 3 2 766 2.05355 240.532 481.065 721.597 
9 28.3372 30.6342 1 1 1 745 3.35638 892.797 1785.59 2678.39 
