idx xloc yloc reus1 reus2 reus3 nonreus servicetime periodic costs(1--3)
0 21.145 39.8747 1 3 1 661 2.63964 0 0 0 
1 21.2112 22.9815 3 1 3 525 4.72966 458.657 917.315 1375.97 
2 21.9373 37.2116 3 3 3 642 2.06352 0 0 0 
3 35.4808 38.2822 1 3 1 718 2.18759 392.21 784.421 1176.63 
4 31.5819 20.239 3 2 1 668 2.58151 860.688 1721.38 2582.06 
5 21.6577 20.3867 1 3 1 534 4.13946 615.453 1230.91 1846.36 
6 21.917 37.7473 3 1 2 402 2.07628 479.127 958.253 1437.38 
7 34.4636 20.8448 2 1 1 711 3.92003 270.631 541.262 811.893 
8 33.443 37.923 3 3 2 494 4.86143 0 0 0 
9 32.6705 39.7742 2 2 2 407 4.20138 440.317 880.634 1320.95 
