idx xloc yloc reus1 reus2 reus3 nonreus servicetime periodic costs(1--3)
0 22.307 25.9143 3 3 3 579 4.8004 750.934 1501.87 2252.8 3003.74 3754.67 
1 34.1861 31.6539 1 2 2 790 3.11531 473.533 947.066 1420.6 1894.13 2367.66 
2 39.2729 28.2697 3 2 3 636 3.89842 765.4 1530.8 2296.2 3061.6 3827 
3 33.6975 33.5788 3 2 3 698 2.78214 892.264 1784.53 2676.79 3569.06 4461.32 
4 20.1209 26.4256 2 3 2 698 3.47224 998.656 1997.31 2995.97 3994.63 4993.28 
5 37.6339 21.7437 2 2 3 681 2.25949 528.782 1057.56 1586.34 2115.13 2643.91 
6 22.7472 29.5816 2 3 1 710 4.08619 0 0 0 0 0 
7 28.4963 28.349 3 1 1 317 3.77704 0 0 0 0 0 
8 30.0386 27.6425 3 2 2 530 3.41893 313.895 627.79 941.685 1255.58 1569.48 
9 30.7142 38.6758 3 1 3 382 3.73009 233.999 467.999 701.998 935.998 1170 
10 27.7025 21.4598 3 3 2 346 4.82754 871.28 1742.56 2613.84 3485.12 4356.4 
11 33.954 22.5955 1 3 2 711 3.78657 333.71 667.419 1001.13 1334.84 1668.55 
12 28.8373 20.1086 2 1 3 405 4.25117 0 0 0 0 0 
13 25.4809 24.697 3 3 1 716 2.3767 761.206 1522.41 2283.62 3044.82 3806.03 
14 33.0484 30.7707 1 2 1 322 4.62356 522.464 1044.93 1567.39 2089.86 2612.32 
15 37.966 23.3306 3 1 3 669 4.1794 0 0 0 0 0 
16 27.4852 26.747 1 2 1 573 2.79043 597.69 1195.38 1793.07 2390.76 2988.45 
17 20.4566 38.3775 3 3 2 533 3.35275 530.319 1060.64 1590.96 2121.28 2651.59 
18 38.6365 32.0748 1 1 2 539 3.8735 237.751 475.503 713.254 951.005 1188.76 
19 36.6103 35.0444 2 1 2 316 3.47016 588.709 1177.42 1766.13 2354.84 2943.55 
20 26.1651 29.1816 3 3 1 587 4.46192 796.115 1592.23 2388.35 3184.46 3980.58 
21 26.7829 28.7756 1 3 2 468 4.18378 126.914 253.828 380.742 507.656 634.57 
22 33.4865 25.6136 2 3 1 610 3.72203 151.25 302.5 453.75 605 756.251 
23 26.2534 23.6909 1 1 1 752 4.26567 54.9678 109.936 164.903 219.871 274.839 
24 23.9004 21.8227 3 1 1 793 4.38432 367.413 734.826 1102.24 1469.65 1837.07 
25 20.2906 38.6823 1 1 3 469 3.33239 541.387 1082.77 1624.16 2165.55 2706.93 
