idx xloc yloc reus1 reus2 reus3 nonreus servicetime periodic costs(1--3)
0 32.4903 21.9982 1 2 1 426 3.53023 0 0 0 0 0 
1 24.9884 39.0003 1 3 3 436 3.70089 51.611 103.222 154.833 206.444 258.055 
2 23.0955 20.1893 2 1 1 385 4.01135 366.695 733.39 1100.09 1466.78 1833.48 
3 38.917 22.3011 3 3 2 356 3.35689 0 0 0 0 0 
4 32.9187 34.7578 1 3 1 737 3.76393 500.568 1001.14 1501.7 2002.27 2502.84 
5 24.187 31.9757 2 1 3 310 4.60148 361.024 722.049 1083.07 1444.1 1805.12 
6 25.95 22.5318 1 2 3 721 2.91068 538.668 1077.34 1616.01 2154.67 2693.34 
7 36.8953 32.6396 3 2 2 305 4.54855 0 0 0 0 0 
8 25.9398 26.3025 2 3 1 439 4.38762 491.892 983.784 1475.68 1967.57 2459.46 
9 36.5749 38.2459 3 2 3 547 4.77995 540.645 1081.29 1621.93 2162.58 2703.22 
10 31.5002 35.3526 1 2 3 389 4.77451 242.99 485.98 728.97 971.96 1214.95 
11 28.7314 36.5933 2 3 2 462 3.15201 527.335 1054.67 1582 2109.34 2636.67 
12 27.9898 33.2597 1 3 2 511 2.65266 0 0 0 0 0 
13 39.6514 21.0902 1 1 2 749 4.42974 466.232 932.464 1398.7 1864.93 2331.16 
14 39.6458 22.3534 2 1 2 756 4.32279 318.843 637.686 956.529 1275.37 1594.22 
15 22.2588 33.5554 1 2 1 464 3.99517 872.079 1744.16 2616.24 3488.32 4360.4 
16 39.0709 36.4741 1 3 1 316 4.54883 0 0 0 0 0 
17 34.898 24.6391 2 3 2 772 3.69424 0 0 0 0 0 
18 39.6609 32.3425 1 3 2 382 4.59347 522.591 1045.18 1567.77 2090.36 2612.96 
19 21.5471 39.2695 1 2 2 547 4.17275 699.842 1399.68 2099.53 2799.37 3499.21 
20 32.5178 34.6407 1 3 3 681 3.64106 221.815 443.63 665.445 887.261 1109.08 
21 39.8511 39.6393 3 3 3 408 4.8113 740.699 1481.4 2222.1 2962.8 3703.5 
22 39.889 35.1736 3 2 2 516 2.63858 537.604 1075.21 1612.81 2150.42 2688.02 
23 20.7537 30.2313 2 2 3 556 4.93543 177.484 354.968 532.452 709.937 887.421 
24 27.7725 28.7712 2 1 1 715 3.16596 126.906 253.813 380.719 507.625 634.531 
25 27.0173 27.9211 1 2 1 346 4.59953 0 0 0 0 0 
