idx xloc yloc reus1 reus2 reus3 nonreus servicetime periodic costs(1--3)
0 22.2558 24.9069 3 2 3 701 3.9418 997.87 1995.74 2993.61 3991.48 4989.35 
1 34.336 22.2254 1 1 1 736 4.71048 774.849 1549.7 2324.55 3099.39 3874.24 
2 26.7305 37.9859 1 1 2 520 2.60161 0 0 0 0 0 
3 28.0439 36.4884 3 3 2 328 3.47593 0 0 0 0 0 
4 23.8642 21.4236 1 1 2 663 4.06721 223.407 446.813 670.22 893.626 1117.03 
5 22.2912 32.2575 2 2 1 570 3.13603 155.336 310.671 466.007 621.342 776.678 
6 30.2222 29.4357 1 1 3 340 4.70745 347.527 695.053 1042.58 1390.11 1737.63 
7 29.5171 38.5179 3 3 3 486 2.07111 955.552 1911.1 2866.66 3822.21 4777.76 
8 33.9248 33.9718 3 3 3 465 2.8119 196.524 393.048 589.572 786.096 982.621 
9 37.5331 22.1346 3 1 3 482 4.12056 558.256 1116.51 1674.77 2233.02 2791.28 
10 28.4792 25.036 2 3 3 798 3.04235 411.117 822.234 1233.35 1644.47 2055.58 
11 36.817 36.335 1 1 1 490 3.71174 0 0 0 0 0 
12 38.8692 24.8568 3 3 1 380 3.66698 441.627 883.253 1324.88 1766.51 2208.13 
13 20.6685 29.9263 3 3 3 613 2.83794 206.087 412.175 618.262 824.349 1030.44 
14 28.4784 22.8715 3 1 3 502 2.31729 772.998 1546 2318.99 3091.99 3864.99 
15 39.4569 31.439 2 2 3 335 2.47823 294.399 588.798 883.196 1177.6 1471.99 
16 32.9198 28.1879 1 1 2 774 4.06262 312.372 624.743 937.115 1249.49 1561.86 
17 27.9168 35.3832 3 2 2 505 2.86165 453.834 907.668 1361.5 1815.34 2269.17 
18 25.8894 25.0036 1 1 1 479 3.31281 0 0 0 0 0 
19 34.369 27.6931 1 2 3 634 3.70714 847.967 1695.93 2543.9 3391.87 4239.84 
20 21.6758 30.0853 1 3 1 778 4.36249 0 0 0 0 0 
21 36.9051 38.1293 1 3 3 533 4.09476 788.007 1576.01 2364.02 3152.03 3940.03 
22 36.9943 33.7563 1 3 1 500 4.09428 784.711 1569.42 2354.13 3138.85 3923.56 
23 30.9995 33.3948 2 3 3 497 4.06465 809.851 1619.7 2429.55 3239.4 4049.25 
24 32.3547 24.5766 1 3 3 507 4.25199 0 0 0 0 0 
25 26.3079 21.0432 3 3 3 331 2.63868 538.074 1076.15 1614.22 2152.3 2690.37 
