idx xloc yloc reus1 reus2 reus3 nonreus servicetime periodic costs(1--3)
0 25.2661 30.4917 2 1 3 556 2.7713 824.713 1649.43 2474.14 
1 23.7655 24.9078 1 1 3 567 4.21106 0 0 0 
2 29.0001 29.2919 1 1 1 797 4.35751 780.778 1561.56 2342.34 
3 27.0347 27.5127 2 2 1 564 3.36146 0 0 0 
4 39.866 30.9217 2 3 1 572 2.56988 429.414 858.829 1288.24 
5 36.122 23.5614 1 1 1 619 2.74817 0 0 0 
6 25.3069 26.9718 2 3 2 520 3.40191 354.031 708.063 1062.09 
7 36.5354 34.8528 2 1 2 455 3.7003 109.774 219.547 329.321 
8 27.7652 20.19 2 3 1 514 3.23292 397.381 794.761 1192.14 
9 36.4319 20.3564 2 1 2 364 3.17506 617.747 1235.49 1853.24 
10 32.3308 27.7293 1 1 3 398 3.54253 170.812 341.624 512.437 
11 39.1286 25.9763 3 2 2 545 2.87988 438.062 876.124 1314.19 
12 34.5813 27.0531 2 1 2 568 4.61086 966.639 1933.28 2899.92 
13 37.4258 30.1984 3 3 2 614 4.6773 696.013 1392.03 2088.04 
