idx xloc yloc reus1 reus2 reus3 nonreus servicetime periodic costs(1--3)
0 34.9086 24.3307 2 3 2 526 4.8116 0 0 0 
1 32.1251 23.0256 2 2 1 708 3.94821 104.129 208.258 312.387 
2 24.2661 23.0414 1 2 3 782 2.12756 412.234 824.469 1236.7 
3 36.9238 27.6157 3 2 1 667 3.84709 495.05 990.1 1485.15 
4 39.258 26.7328 2 2 3 312 3.44235 435.186 870.372 1305.56 
5 22.5927 31.6721 3 3 3 516 3.32605 970.517 1941.03 2911.55 
6 27.477 39.8141 1 1 3 614 4.22994 189.302 378.604 567.907 
7 28.5699 25.9181 3 3 1 514 3.87413 811.029 1622.06 2433.09 
8 24.6461 24.3049 2 1 2 360 3.11152 557.608 1115.22 1672.82 
9 21.9436 38.647 1 3 3 563 4.37265 0 0 0 
10 33.6791 20.7572 1 1 3 680 4.61419 531.402 1062.8 1594.21 
11 25.7411 25.7782 2 2 1 501 3.80465 695.638 1391.28 2086.91 
12 34.4021 30.1105 3 3 2 516 2.4324 764.236 1528.47 2292.71 
13 20.1023 32.5585 3 2 1 672 3.3409 184.489 368.977 553.466 
