idx xloc yloc reus1 reus2 reus3 nonreus servicetime periodic costs(1--3)
0 23.5733 33.2447 3 2 3 770 3.08157 303.033 606.067 909.1 
1 27.3744 36.1538 1 1 1 640 3.87132 305.693 611.387 917.08 
2 27.1897 20.5419 3 2 1 461 4.19451 0 0 0 
3 35.0512 24.016 1 1 1 408 3.82672 443.263 886.527 1329.79 
4 24.6586 21.3922 3 2 1 318 3.56961 188.025 376.05 564.075 
5 30.3936 35.1077 1 1 1 796 4.75579 585.951 1171.9 1757.85 
6 38.9185 34.248 1 3 1 776 4.40485 974.296 1948.59 2922.89 
7 29.3055 23.4618 3 3 1 396 2.73405 770.361 1540.72 2311.08 
8 26.0558 30.1304 3 2 1 615 3.58232 344.526 689.052 1033.58 
9 28.833 37.9528 3 2 3 426 2.00246 285.302 570.604 855.906 
10 35.0734 21.6783 3 1 3 427 4.41603 757.715 1515.43 2273.15 
11 34.5811 32.9027 1 2 1 623 3.57126 956.375 1912.75 2869.12 
12 28.3553 34.4699 2 2 3 672 2.67376 0 0 0 
13 28.7061 26.8106 1 2 1 736 3.4688 0 0 0 
