idx xloc yloc reus1 reus2 reus3 nonreus servicetime periodic costs(1--3)
0 24.1695 32.9454 3 3 1 791 4.64834 933.736 1867.47 2801.21 3734.94 4668.68 
1 35.713 26.5767 2 2 2 426 4.28242 0 0 0 0 0 
2 29.4541 39.7839 3 1 1 474 4.16671 688.04 1376.08 2064.12 2752.16 3440.2 
3 22.9384 27.7212 1 3 3 509 3.94328 761.649 1523.3 2284.95 3046.6 3808.25 
4 34.2165 30.3059 3 2 2 408 2.48921 121.275 242.55 363.824 485.099 606.374 
5 36.7458 34.1907 2 1 3 515 4.29348 0 0 0 0 0 
6 34.9258 21.3727 3 3 2 563 4.81675 0 0 0 0 0 
7 20.6525 33.9517 2 3 3 671 4.86425 73.924 147.848 221.772 295.696 369.62 
8 29.4236 35.0508 1 1 2 453 2.8261 781.344 1562.69 2344.03 3125.38 3906.72 
9 31.1695 33.4486 1 1 1 567 4.1151 577.592 1155.18 1732.77 2310.37 2887.96 
10 33.2649 26.4456 1 1 1 565 3.13708 740.215 1480.43 2220.64 2960.86 3701.07 
11 34.2068 29.5152 2 2 3 727 4.8294 0 0 0 0 0 
12 28.7056 33.3607 3 3 3 517 4.99468 0 0 0 0 0 
13 27.1434 23.3446 3 2 1 608 4.94816 114.678 229.356 344.035 458.713 573.391 
14 34.867 27.3382 2 2 2 798 4.72815 0 0 0 0 0 
15 35.7682 27.6681 3 3 3 653 2.75609 594.679 1189.36 1784.04 2378.72 2973.4 
16 25.197 34.8788 1 2 3 445 3.87206 0 0 0 0 0 
17 29.7965 23.7838 2 1 1 680 4.55518 0 0 0 0 0 
18 37.9432 34.7375 2 3 2 587 3.88386 515.614 1031.23 1546.84 2062.46 2578.07 
19 39.5404 28.1407 3 3 2 715 2.17389 0 0 0 0 0 
20 30.9321 39.2359 3 1 1 585 4.4376 0 0 0 0 0 
21 29.7757 31.4781 1 2 1 358 3.65217 757.09 1514.18 2271.27 3028.36 3785.45 
