idx xloc yloc reus1 reus2 reus3 nonreus servicetime periodic costs(1--3)
0 22.4671 27.543 1 1 2 695 4.13222 805.855 1611.71 2417.57 3223.42 4029.28 
1 39.4117 21.418 2 3 2 749 3.84467 0 0 0 0 0 
2 20.3622 25.0735 2 2 2 480 3.27969 356.798 713.595 1070.39 1427.19 1783.99 
3 39.6998 29.7644 3 2 1 557 3.04012 542.313 1084.63 1626.94 2169.25 2711.57 
4 29.2911 32.3842 3 1 3 399 4.49191 162.303 324.605 486.908 649.21 811.513 
5 26.4585 25.8386 2 3 2 502 2.07173 531.161 1062.32 1593.48 2124.65 2655.81 
6 26.9812 36.1067 2 2 1 390 2.38109 768.329 1536.66 2304.99 3073.32 3841.64 
7 36.828 21.1524 2 3 2 390 3.39136 788.8 1577.6 2366.4 3155.2 3944 
8 29.6444 25.0044 3 2 1 729 4.36957 716.175 1432.35 2148.53 2864.7 3580.88 
9 28.9267 37.5533 2 2 3 715 4.32834 773.759 1547.52 2321.28 3095.03 3868.79 
10 27.0771 36.2282 1 3 2 661 2.68328 0 0 0 0 0 
11 33.1287 36.1051 2 2 3 444 4.04643 762.685 1525.37 2288.06 3050.74 3813.43 
12 37.0254 25.437 1 3 2 752 3.01498 0 0 0 0 0 
13 31.8441 27.6293 1 1 1 507 4.52726 382.046 764.092 1146.14 1528.18 1910.23 
14 33.0938 37.3383 2 2 3 608 4.22678 177.276 354.551 531.827 709.102 886.378 
15 27.1892 39.3722 2 3 2 622 4.42672 832.541 1665.08 2497.62 3330.16 4162.7 
16 37.725 35.6975 1 3 3 340 2.04679 711.757 1423.51 2135.27 2847.03 3558.79 
17 32.1428 34.2641 1 3 2 601 4.61777 644.153 1288.31 1932.46 2576.61 3220.77 
18 32.6714 30.466 2 2 3 570 2.54638 0 0 0 0 0 
19 30.2688 39.1193 2 1 1 725 3.74248 509.293 1018.59 1527.88 2037.17 2546.46 
20 36.7085 21.6304 3 3 1 774 4.36638 614.127 1228.25 1842.38 2456.51 3070.64 
21 32.33 28.5898 2 1 1 421 4.1649 797.943 1595.89 2393.83 3191.77 3989.72 
