idx xloc yloc reus1 reus2 reus3 nonreus servicetime periodic costs(1--3)
0 29.0303 29.3831 2 1 1 638 4.44866 179.011 358.022 537.033 716.044 895.054 
1 36.5286 37.6156 3 1 2 762 4.36229 124.44 248.88 373.32 497.76 622.2 
2 22.6193 38.6217 1 3 3 410 2.31729 0 0 0 0 0 
3 29.8529 23.4855 3 3 3 540 4.99429 348.704 697.409 1046.11 1394.82 1743.52 
4 26.3158 24.795 2 3 1 631 3.49256 138.942 277.885 416.827 555.769 694.712 
5 25.0813 25.5179 1 1 1 539 2.81664 532.405 1064.81 1597.22 2129.62 2662.03 
6 35.8038 34.45 3 3 2 425 4.38596 755.796 1511.59 2267.39 3023.19 3778.98 
7 20.4499 32.2335 1 1 2 613 2.31031 613.693 1227.39 1841.08 2454.77 3068.46 
8 32.7183 37.6406 3 3 1 456 4.94337 643.14 1286.28 1929.42 2572.56 3215.7 
9 20.1787 32.3619 1 1 2 779 2.50611 903.622 1807.24 2710.87 3614.49 4518.11 
10 38.9617 34.5291 2 2 3 414 2.03997 0 0 0 0 0 
11 32.0035 23.2712 1 3 3 321 4.59017 161.591 323.182 484.773 646.364 807.955 
12 26.7606 32.7582 1 2 3 479 2.55225 641.198 1282.4 1923.59 2564.79 3205.99 
13 22.782 28.6148 3 3 1 718 2.44055 475.273 950.546 1425.82 1901.09 2376.37 
14 33.5464 29.6837 3 3 2 647 3.96544 0 0 0 0 0 
15 26.5267 33.0084 3 3 1 593 3.91899 160.99 321.98 482.97 643.96 804.95 
16 28.4446 30.8627 2 1 2 661 4.15671 145.156 290.312 435.469 580.625 725.781 
17 29.5291 39.31 3 2 1 776 2.74128 842.598 1685.2 2527.79 3370.39 4212.99 
18 21.2515 36.5975 3 2 3 485 4.19447 303.731 607.462 911.193 1214.92 1518.66 
19 21.3091 27.0742 1 1 1 354 2.2231 0 0 0 0 0 
20 39.8227 23.1575 1 1 2 545 4.31167 268.459 536.918 805.377 1073.84 1342.29 
21 29.1048 22.7718 1 2 1 468 2.30187 0 0 0 0 0 
