idx xloc yloc reus1 reus2 reus3 nonreus servicetime periodic costs(1--3)
0 36.8545 21.848 3 1 2 697 3.8549 950.767 1901.53 2852.3 3803.07 4753.84 5704.6 6655.37 7606.14 8556.91 9507.67 10458.4 11409.2 12360 13310.7 14261.5 15212.3 16163 17113.8 18064.6 19015.3 19966.1 
1 22.3071 28.3187 3 2 3 413 3.61079 388.782 777.563 1166.34 1555.13 1943.91 2332.69 2721.47 3110.25 3499.03 3887.82 4276.6 4665.38 5054.16 5442.94 5831.72 6220.51 6609.29 6998.07 7386.85 7775.63 8164.41 
2 24.8806 20.7453 2 3 2 482 3.09493 524.97 1049.94 1574.91 2099.88 2624.85 3149.82 3674.79 4199.76 4724.73 5249.7 5774.67 6299.64 6824.61 7349.58 7874.55 8399.52 8924.49 9449.46 9974.43 10499.4 11024.4 
3 37.5927 39.423 1 1 2 515 3.43111 288.984 577.967 866.951 1155.93 1444.92 1733.9 2022.89 2311.87 2600.85 2889.84 3178.82 3467.8 3756.79 4045.77 4334.76 4623.74 4912.72 5201.71 5490.69 5779.67 6068.66 
4 24.1884 22.6723 3 3 1 560 5.57026 989.517 1979.03 2968.55 3958.07 4947.59 5937.1 6926.62 7916.14 8905.66 9895.17 10884.7 11874.2 12863.7 13853.2 14842.8 15832.3 16821.8 17811.3 18800.8 19790.3 20779.9 
5 28.405 39.5857 1 1 2 532 5.38567 337.992 675.985 1013.98 1351.97 1689.96 2027.95 2365.95 2703.94 3041.93 3379.92 3717.91 4055.91 4393.9 4731.89 5069.88 5407.88 5745.87 6083.86 6421.85 6759.85 7097.84 
6 35.5794 37.2547 1 2 1 488 3.26796 771.567 1543.13 2314.7 3086.27 3857.84 4629.4 5400.97 6172.54 6944.11 7715.67 8487.24 9258.81 10030.4 10801.9 11573.5 12345.1 13116.6 13888.2 14659.8 15431.3 16202.9 
7 28.7952 21.6151 1 2 2 732 4.78909 980.164 1960.33 2940.49 3920.66 4900.82 5880.98 6861.15 7841.31 8821.48 9801.64 10781.8 11762 12742.1 13722.3 14702.5 15682.6 16662.8 17643 18623.1 19603.3 20583.4 
8 37.8309 28.9068 1 3 2 550 4.31759 605.21 1210.42 1815.63 2420.84 3026.05 3631.26 4236.47 4841.68 5446.89 6052.1 6657.31 7262.52 7867.73 8472.94 9078.15 9683.36 10288.6 10893.8 11499 12104.2 12709.4 
9 25.9838 39.4372 2 3 3 504 4.31787 491.341 982.682 1474.02 1965.36 2456.71 2948.05 3439.39 3930.73 4422.07 4913.41 5404.75 5896.09 6387.44 6878.78 7370.12 7861.46 8352.8 8844.14 9335.48 9826.82 10318.2 
10 27.9461 32.4951 2 3 2 404 5.14589 82.0072 164.014 246.022 328.029 410.036 492.043 574.051 656.058 738.065 820.072 902.08 984.087 1066.09 1148.1 1230.11 1312.12 1394.12 1476.13 1558.14 1640.14 1722.15 
11 38.6753 36.7148 3 3 3 491 3.97445 960.016 1920.03 2880.05 3840.06 4800.08 5760.1 6720.11 7680.13 8640.15 9600.16 10560.2 11520.2 12480.2 13440.2 14400.2 15360.3 16320.3 17280.3 18240.3 19200.3 20160.3 
12 38.7163 33.5411 1 2 3 675 5.56886 345.622 691.245 1036.87 1382.49 1728.11 2073.73 2419.36 2764.98 3110.6 3456.22 3801.84 4147.47 4493.09 4838.71 5184.33 5529.96 5875.58 6221.2 6566.82 6912.45 7258.07 
13 23.1109 31.8568 1 1 1 420 4.60297 322.711 645.423 968.134 1290.85 1613.56 1936.27 2258.98 2581.69 2904.4 3227.11 3549.83 3872.54 4195.25 4517.96 4840.67 5163.38 5486.09 5808.8 6131.52 6454.23 6776.94 
14 22.1589 21.1327 1 2 1 756 3.19822 376.799 753.598 1130.4 1507.2 1884 2260.8 2637.59 3014.39 3391.19 3767.99 4144.79 4521.59 4898.39 5275.19 5651.99 6028.79 6405.59 6782.39 7159.19 7535.98 7912.78 
15 22.6112 31.9873 1 1 1 543 4.6881 152.262 304.524 456.786 609.048 761.31 913.572 1065.83 1218.1 1370.36 1522.62 1674.88 1827.14 1979.41 2131.67 2283.93 2436.19 2588.46 2740.72 2892.98 3045.24 3197.5 
16 34.124 20.6695 1 2 1 662 5.61118 990.133 1980.27 2970.4 3960.53 4950.67 5940.8 6930.93 7921.07 8911.2 9901.33 10891.5 11881.6 12871.7 13861.9 14852 15842.1 16832.3 17822.4 18812.5 19802.7 20792.8 
17 36.5559 27.7813 3 1 3 502 3.83102 676.204 1352.41 2028.61 2704.82 3381.02 4057.23 4733.43 5409.63 6085.84 6762.04 7438.25 8114.45 8790.66 9466.86 10143.1 10819.3 11495.5 12171.7 12847.9 13524.1 14200.3 
18 31.293 26.2629 1 2 1 757 4.0931 880.907 1761.81 2642.72 3523.63 4404.54 5285.44 6166.35 7047.26 7928.17 8809.07 9689.98 10570.9 11451.8 12332.7 13213.6 14094.5 14975.4 15856.3 16737.2 17618.1 18499.1 
19 32.3495 36.1065 3 1 2 562 5.22189 570.68 1141.36 1712.04 2282.72 2853.4 3424.08 3994.76 4565.44 5136.12 5706.8 6277.49 6848.17 7418.85 7989.53 8560.21 9130.89 9701.57 10272.2 10842.9 11413.6 11984.3 
20 39.5239 20.942 3 2 3 568 3.6276 325.117 650.234 975.351 1300.47 1625.59 1950.7 2275.82 2600.94 2926.05 3251.17 3576.29 3901.41 4226.52 4551.64 4876.76 5201.87 5526.99 5852.11 6177.23 6502.34 6827.46 
21 36.6854 20.2917 2 1 2 595 5.66123 227.412 454.825 682.237 909.65 1137.06 1364.47 1591.89 1819.3 2046.71 2274.12 2501.54 2728.95 2956.36 3183.77 3411.19 3638.6 3866.01 4093.42 4320.84 4548.25 4775.66 
22 26.1231 23.3365 2 2 3 751 3.93672 835.804 1671.61 2507.41 3343.22 4179.02 5014.82 5850.63 6686.43 7522.24 8358.04 9193.85 10029.6 10865.5 11701.3 12537.1 13372.9 14208.7 15044.5 15880.3 16716.1 17551.9 
23 33.0421 34.6949 3 2 1 545 5.17301 774.732 1549.46 2324.2 3098.93 3873.66 4648.39 5423.12 6197.85 6972.59 7747.32 8522.05 9296.78 10071.5 10846.2 11621 12395.7 13170.4 13945.2 14719.9 15494.6 16269.4 
24 29.4439 26.0804 1 2 2 564 4.88416 600.887 1201.77 1802.66 2403.55 3004.44 3605.32 4206.21 4807.1 5407.99 6008.87 6609.76 7210.65 7811.54 8412.42 9013.31 9614.2 10215.1 10816 11416.9 12017.7 12618.6 
25 35.2171 34.1919 3 1 1 406 3.64414 955.168 1910.34 2865.5 3820.67 4775.84 5731.01 6686.17 7641.34 8596.51 9551.68 10506.8 11462 12417.2 13372.3 14327.5 15282.7 16237.9 17193 18148.2 19103.4 20058.5 
26 21.8329 22.964 1 2 3 706 5.78689 999.493 1998.99 2998.48 3997.97 4997.46 5996.96 6996.45 7995.94 8995.44 9994.93 10994.4 11993.9 12993.4 13992.9 14992.4 15991.9 16991.4 17990.9 18990.4 19989.9 20989.3 
27 35.1841 25.3328 3 2 3 401 4.31901 306.656 613.312 919.968 1226.62 1533.28 1839.94 2146.59 2453.25 2759.91 3066.56 3373.22 3679.87 3986.53 4293.19 4599.84 4906.5 5213.15 5519.81 5826.47 6133.12 6439.78 
28 24.169 24.3232 2 1 2 632 5.24633 300.039 600.078 900.117 1200.16 1500.19 1800.23 2100.27 2400.31 2700.35 3000.39 3300.43 3600.47 3900.51 4200.55 4500.58 4800.62 5100.66 5400.7 5700.74 6000.78 6300.82 
29 29.781 30.9029 2 1 1 440 4.50409 326.898 653.796 980.693 1307.59 1634.49 1961.39 2288.28 2615.18 2942.08 3268.98 3595.88 3922.77 4249.67 4576.57 4903.47 5230.36 5557.26 5884.16 6211.06 6537.96 6864.85 
