idx xloc yloc reus1 reus2 reus3 nonreus servicetime periodic costs(1--3)
0 38.9917 37.3761 2 3 2 674 5.56957 270.699 541.397 812.096 1082.79 1353.49 1624.19 1894.89 2165.59 2436.29 2706.99 2977.69 3248.38 3519.08 3789.78 4060.48 4331.18 4601.88 4872.58 5143.27 5413.97 5684.67 
1 34.2224 35.6086 3 3 2 444 5.00043 216.242 432.484 648.726 864.968 1081.21 1297.45 1513.69 1729.94 1946.18 2162.42 2378.66 2594.91 2811.15 3027.39 3243.63 3459.87 3676.12 3892.36 4108.6 4324.84 4541.08 
2 39.3789 39.3026 1 3 2 474 5.70793 798.184 1596.37 2394.55 3192.74 3990.92 4789.11 5587.29 6385.47 7183.66 7981.84 8780.03 9578.21 10376.4 11174.6 11972.8 12770.9 13569.1 14367.3 15165.5 15963.7 16761.9 
3 23.2673 30.7721 2 1 1 646 5.37632 397.216 794.433 1191.65 1588.87 1986.08 2383.3 2780.52 3177.73 3574.95 3972.16 4369.38 4766.6 5163.81 5561.03 5958.25 6355.46 6752.68 7149.9 7547.11 7944.33 8341.55 
4 39.4202 38.7837 3 1 2 760 4.57038 197.75 395.5 593.25 791 988.75 1186.5 1384.25 1582 1779.75 1977.5 2175.25 2373 2570.75 2768.5 2966.25 3164 3361.75 3559.5 3757.25 3955 4152.75 
5 39.8151 36.9885 2 1 3 464 4.38575 59.0756 118.151 177.227 236.302 295.378 354.454 413.529 472.605 531.68 590.756 649.831 708.907 767.983 827.058 886.134 945.209 1004.29 1063.36 1122.44 1181.51 1240.59 
6 32.0174 34.0998 3 2 3 491 5.94056 740.498 1481 2221.49 2961.99 3702.49 4442.99 5183.48 5923.98 6664.48 7404.98 8145.48 8885.97 9626.47 10367 11107.5 11848 12588.5 13329 14069.5 14810 15550.5 
7 20.1912 32.2471 2 3 3 794 4.0873 969.964 1939.93 2909.89 3879.85 4849.82 5819.78 6789.75 7759.71 8729.67 9699.64 10669.6 11639.6 12609.5 13579.5 14549.5 15519.4 16489.4 17459.3 18429.3 19399.3 20369.2 
8 33.9722 23.0341 2 3 3 538 3.42759 832.672 1665.34 2498.02 3330.69 4163.36 4996.03 5828.7 6661.38 7494.05 8326.72 9159.39 9992.06 10824.7 11657.4 12490.1 13322.8 14155.4 14988.1 15820.8 16653.4 17486.1 
9 28.4874 20.8495 2 1 2 594 3.10036 210.716 421.432 632.149 842.865 1053.58 1264.3 1475.01 1685.73 1896.45 2107.16 2317.88 2528.59 2739.31 2950.03 3160.74 3371.46 3582.18 3792.89 4003.61 4214.32 4425.04 
10 20.0951 39.8107 3 1 3 457 3.14972 807.124 1614.25 2421.37 3228.49 4035.62 4842.74 5649.86 6456.99 7264.11 8071.24 8878.36 9685.48 10492.6 11299.7 12106.9 12914 13721.1 14528.2 15335.3 16142.5 16949.6 
11 25.3392 24.9623 3 3 3 685 5.72268 368.71 737.42 1106.13 1474.84 1843.55 2212.26 2580.97 2949.68 3318.39 3687.1 4055.81 4424.52 4793.23 5161.94 5530.65 5899.36 6268.07 6636.78 7005.49 7374.2 7742.91 
12 37.7234 30.4603 3 3 2 596 5.54111 467.59 935.18 1402.77 1870.36 2337.95 2805.54 3273.13 3740.72 4208.31 4675.9 5143.49 5611.08 6078.67 6546.26 7013.85 7481.44 7949.03 8416.62 8884.21 9351.8 9819.39 
13 38.7197 25.7971 1 1 1 419 3.16291 499.588 999.175 1498.76 1998.35 2497.94 2997.53 3497.11 3996.7 4496.29 4995.88 5495.46 5995.05 6494.64 6994.23 7493.82 7993.4 8492.99 8992.58 9492.17 9991.75 10491.3 
14 39.1695 29.9442 1 1 3 465 3.35671 851.41 1702.82 2554.23 3405.64 4257.05 5108.46 5959.87 6811.28 7662.69 8514.1 9365.5 10216.9 11068.3 11919.7 12771.1 13622.6 14474 15325.4 16176.8 17028.2 17879.6 
15 39.0974 38.9821 2 2 1 648 4.02509 764.591 1529.18 2293.77 3058.37 3822.96 4587.55 5352.14 6116.73 6881.32 7645.91 8410.5 9175.1 9939.69 10704.3 11468.9 12233.5 12998.1 13762.6 14527.2 15291.8 16056.4 
16 24.2867 21.2747 2 2 3 624 4.17057 317.319 634.639 951.958 1269.28 1586.6 1903.92 2221.23 2538.55 2855.87 3173.19 3490.51 3807.83 4125.15 4442.47 4759.79 5077.11 5394.43 5711.75 6029.07 6346.39 6663.7 
17 21.8768 25.3842 1 3 1 494 5.22312 861.937 1723.87 2585.81 3447.75 4309.69 5171.62 6033.56 6895.5 7757.44 8619.37 9481.31 10343.2 11205.2 12067.1 12929.1 13791 14652.9 15514.9 16376.8 17238.7 18100.7 
18 20.5643 22.347 1 3 3 428 3.10257 706.398 1412.8 2119.19 2825.59 3531.99 4238.39 4944.79 5651.19 6357.58 7063.98 7770.38 8476.78 9183.18 9889.57 10596 11302.4 12008.8 12715.2 13421.6 14128 14834.4 
19 34.2354 29.5871 3 3 3 519 5.98428 273.685 547.371 821.056 1094.74 1368.43 1642.11 1915.8 2189.48 2463.17 2736.85 3010.54 3284.22 3557.91 3831.6 4105.28 4378.97 4652.65 4926.34 5200.02 5473.71 5747.39 
20 23.789 20.5421 1 1 2 709 3.90219 576.081 1152.16 1728.24 2304.33 2880.41 3456.49 4032.57 4608.65 5184.73 5760.81 6336.9 6912.98 7489.06 8065.14 8641.22 9217.3 9793.38 10369.5 10945.5 11521.6 12097.7 
21 23.3188 24.4209 3 3 1 778 3.25803 519.959 1039.92 1559.88 2079.84 2599.8 3119.76 3639.72 4159.67 4679.63 5199.59 5719.55 6239.51 6759.47 7279.43 7799.39 8319.35 8839.31 9359.27 9879.23 10399.2 10919.1 
22 30.6897 32.6051 1 3 3 782 4.81586 944.97 1889.94 2834.91 3779.88 4724.85 5669.82 6614.79 7559.76 8504.73 9449.7 10394.7 11339.6 12284.6 13229.6 14174.5 15119.5 16064.5 17009.5 17954.4 18899.4 19844.4 
23 35.1642 36.7016 1 1 3 575 4.28232 838.999 1678 2517 3356 4194.99 5033.99 5872.99 6711.99 7550.99 8389.99 9228.99 10068 10907 11746 12585 13424 14263 15102 15941 16780 17619 
24 27.4129 28.6926 2 1 1 412 5.61596 719.733 1439.47 2159.2 2878.93 3598.66 4318.4 5038.13 5757.86 6477.6 7197.33 7917.06 8636.8 9356.53 10076.3 10796 11515.7 12235.5 12955.2 13674.9 14394.7 15114.4 
25 21.2168 27.0492 2 3 1 732 5.95581 484.781 969.562 1454.34 1939.12 2423.91 2908.69 3393.47 3878.25 4363.03 4847.81 5332.59 5817.37 6302.15 6786.94 7271.72 7756.5 8241.28 8726.06 9210.84 9695.62 10180.4 
26 37.6666 28.6603 1 3 3 777 5.41963 130.392 260.784 391.176 521.568 651.959 782.351 912.743 1043.14 1173.53 1303.92 1434.31 1564.7 1695.09 1825.49 1955.88 2086.27 2216.66 2347.05 2477.45 2607.84 2738.23 
27 30.3009 39.7082 2 2 1 497 4.57663 366.984 733.969 1100.95 1467.94 1834.92 2201.91 2568.89 2935.88 3302.86 3669.84 4036.83 4403.81 4770.8 5137.78 5504.77 5871.75 6238.73 6605.72 6972.7 7339.69 7706.67 
28 39.4207 26.1164 1 1 3 409 3.58284 337.627 675.255 1012.88 1350.51 1688.14 2025.76 2363.39 2701.02 3038.65 3376.27 3713.9 4051.53 4389.16 4726.78 5064.41 5402.04 5739.67 6077.29 6414.92 6752.55 7090.18 
29 33.0793 21.4706 1 2 2 700 4.81519 400.416 800.833 1201.25 1601.67 2002.08 2402.5 2802.92 3203.33 3603.75 4004.16 4404.58 4805 5205.41 5605.83 6006.25 6406.66 6807.08 7207.5 7607.91 8008.33 8408.75 
