idx xloc yloc reus1 reus2 reus3 nonreus servicetime periodic costs(1--3)
0 21.6638 38.3067 1 1 1 551 3.31571 585.459 1170.92 1756.38 2341.84 2927.3 3512.76 4098.21 4683.67 5269.13 5854.59 6440.05 7025.51 7610.97 8196.43 8781.89 9367.35 9952.81 10538.3 11123.7 11709.2 12294.6 
1 37.1934 36.7831 2 1 1 614 3.08513 794.068 1588.14 2382.2 3176.27 3970.34 4764.41 5558.47 6352.54 7146.61 7940.68 8734.75 9528.81 10322.9 11116.9 11911 12705.1 13499.2 14293.2 15087.3 15881.4 16675.4 
2 26.3119 24.0825 1 3 1 610 5.30192 621.551 1243.1 1864.65 2486.2 3107.75 3729.31 4350.86 4972.41 5593.96 6215.51 6837.06 7458.61 8080.16 8701.71 9323.26 9944.81 10566.4 11187.9 11809.5 12431 13052.6 
3 39.9046 35.6876 3 2 3 689 4.48227 163.083 326.167 489.25 652.334 815.417 978.5 1141.58 1304.67 1467.75 1630.83 1793.92 1957 2120.08 2283.17 2446.25 2609.33 2772.42 2935.5 3098.58 3261.67 3424.75 
4 37.8794 26.2676 3 2 1 768 5.7225 817.337 1634.67 2452.01 3269.35 4086.69 4904.02 5721.36 6538.7 7356.04 8173.37 8990.71 9808.05 10625.4 11442.7 12260.1 13077.4 13894.7 14712.1 15529.4 16346.7 17164.1 
5 31.6341 32.149 3 1 2 488 5.09059 819.598 1639.2 2458.79 3278.39 4097.99 4917.59 5737.18 6556.78 7376.38 8195.98 9015.58 9835.17 10654.8 11474.4 12294 13113.6 13933.2 14752.8 15572.4 16392 17211.6 
6 36.3052 29.5308 1 1 3 559 5.74107 954.572 1909.14 2863.72 3818.29 4772.86 5727.43 6682 7636.58 8591.15 9545.72 10500.3 11454.9 12409.4 13364 14318.6 15273.2 16227.7 17182.3 18136.9 19091.4 20046 
7 23.1052 36.0982 2 1 1 558 3.93571 847.892 1695.78 2543.67 3391.57 4239.46 5087.35 5935.24 6783.13 7631.02 8478.92 9326.81 10174.7 11022.6 11870.5 12718.4 13566.3 14414.2 15262 16109.9 16957.8 17805.7 
8 33.8277 35.6824 1 1 1 641 3.45538 801.379 1602.76 2404.14 3205.52 4006.9 4808.28 5609.66 6411.04 7212.41 8013.79 8815.17 9616.55 10417.9 11219.3 12020.7 12822.1 13623.5 14424.8 15226.2 16027.6 16829 
9 33.4737 35.8072 2 3 2 790 5.90305 129.392 258.784 388.176 517.568 646.959 776.351 905.743 1035.14 1164.53 1293.92 1423.31 1552.7 1682.09 1811.49 1940.88 2070.27 2199.66 2329.05 2458.45 2587.84 2717.23 
10 22.0477 34.7215 3 3 1 521 5.33136 297.497 594.993 892.49 1189.99 1487.48 1784.98 2082.48 2379.97 2677.47 2974.97 3272.46 3569.96 3867.46 4164.95 4462.45 4759.95 5057.44 5354.94 5652.44 5949.93 6247.43 
11 27.8381 25.8396 3 1 2 645 3.85619 163.514 327.029 490.543 654.058 817.572 981.087 1144.6 1308.12 1471.63 1635.14 1798.66 1962.17 2125.69 2289.2 2452.72 2616.23 2779.75 2943.26 3106.77 3270.29 3433.8 
12 28.3424 25.2059 2 1 2 566 4.21223 238.415 476.831 715.246 953.662 1192.08 1430.49 1668.91 1907.32 2145.74 2384.15 2622.57 2860.98 3099.4 3337.82 3576.23 3814.65 4053.06 4291.48 4529.89 4768.31 5006.72 
13 31.3779 36.2048 2 1 1 625 5.32463 859.696 1719.39 2579.09 3438.78 4298.48 5158.18 6017.87 6877.57 7737.27 8596.96 9456.66 10316.4 11176 12035.7 12895.4 13755.1 14614.8 15474.5 16334.2 17193.9 18053.6 
14 21.356 39.7027 2 1 3 486 4.57712 710.306 1420.61 2130.92 2841.22 3551.53 4261.84 4972.14 5682.45 6392.76 7103.06 7813.37 8523.67 9233.98 9944.29 10654.6 11364.9 12075.2 12785.5 13495.8 14206.1 14916.4 
15 32.3474 24.1613 1 1 2 533 5.18097 54.5584 109.117 163.675 218.234 272.792 327.35 381.909 436.467 491.026 545.584 600.142 654.701 709.259 763.818 818.376 872.934 927.493 982.051 1036.61 1091.17 1145.73 
16 28.6826 36.0686 2 2 2 754 3.08411 918.248 1836.5 2754.74 3672.99 4591.24 5509.49 6427.74 7345.99 8264.23 9182.48 10100.7 11019 11937.2 12855.5 13773.7 14692 15610.2 16528.5 17446.7 18365 19283.2 
17 32.9537 38.3418 2 2 2 588 4.0847 742.713 1485.43 2228.14 2970.85 3713.56 4456.28 5198.99 5941.7 6684.41 7427.13 8169.84 8912.55 9655.27 10398 11140.7 11883.4 12626.1 13368.8 14111.5 14854.3 15597 
18 39.44 22.1363 2 3 2 678 3.9017 866.834 1733.67 2600.5 3467.34 4334.17 5201 6067.84 6934.67 7801.51 8668.34 9535.17 10402 11268.8 12135.7 13002.5 13869.3 14736.2 15603 16469.8 17336.7 18203.5 
19 34.8968 38.3309 2 2 2 733 3.70187 938.807 1877.61 2816.42 3755.23 4694.04 5632.84 6571.65 7510.46 8449.26 9388.07 10326.9 11265.7 12204.5 13143.3 14082.1 15020.9 15959.7 16898.5 17837.3 18776.1 19714.9 
20 31.8423 31.8684 2 3 2 657 3.41513 913.373 1826.75 2740.12 3653.49 4566.86 5480.24 6393.61 7306.98 8220.36 9133.73 10047.1 10960.5 11873.8 12787.2 13700.6 14614 15527.3 16440.7 17354.1 18267.5 19180.8 
21 38.4222 36.6431 1 2 3 532 5.10584 713.092 1426.18 2139.28 2852.37 3565.46 4278.55 4991.65 5704.74 6417.83 7130.92 7844.02 8557.11 9270.2 9983.29 10696.4 11409.5 12122.6 12835.7 13548.8 14261.8 14974.9 
22 21.6146 35.4936 3 1 3 505 3.96081 322.556 645.112 967.668 1290.22 1612.78 1935.34 2257.89 2580.45 2903 3225.56 3548.11 3870.67 4193.23 4515.78 4838.34 5160.89 5483.45 5806.01 6128.56 6451.12 6773.67 
23 34.7353 33.6828 3 3 2 656 5.72736 505.588 1011.18 1516.76 2022.35 2527.94 3033.53 3539.11 4044.7 4550.29 5055.88 5561.46 6067.05 6572.64 7078.23 7583.82 8089.4 8594.99 9100.58 9606.17 10111.8 10617.3 
24 39.3639 34.0953 2 3 3 734 3.72637 332.197 664.394 996.592 1328.79 1660.99 1993.18 2325.38 2657.58 2989.78 3321.97 3654.17 3986.37 4318.56 4650.76 4982.96 5315.16 5647.35 5979.55 6311.75 6643.94 6976.14 
25 23.7433 23.3572 2 2 3 564 4.87701 611.402 1222.8 1834.21 2445.61 3057.01 3668.41 4279.82 4891.22 5502.62 6114.02 6725.42 7336.83 7948.23 8559.63 9171.03 9782.43 10393.8 11005.2 11616.6 12228 12839.4 
26 25.7485 35.3981 3 3 1 602 4.22845 143.763 287.525 431.288 575.051 718.813 862.576 1006.34 1150.1 1293.86 1437.63 1581.39 1725.15 1868.91 2012.68 2156.44 2300.2 2443.97 2587.73 2731.49 2875.25 3019.02 
27 20.144 20.2133 1 2 3 781 4.50455 395.953 791.907 1187.86 1583.81 1979.77 2375.72 2771.67 3167.63 3563.58 3959.53 4355.49 4751.44 5147.39 5543.35 5939.3 6335.25 6731.21 7127.16 7523.11 7919.07 8315.02 
28 38.9789 35.4526 3 3 3 430 3.31723 627.28 1254.56 1881.84 2509.12 3136.4 3763.68 4390.96 5018.24 5645.52 6272.8 6900.08 7527.36 8154.64 8781.92 9409.2 10036.5 10663.8 11291 11918.3 12545.6 13172.9 
29 22.3509 33.9547 2 2 3 589 5.28203 478.975 957.949 1436.92 1915.9 2394.87 2873.85 3352.82 3831.8 4310.77 4789.75 5268.72 5747.7 6226.67 6705.65 7184.62 7663.6 8142.57 8621.55 9100.52 9579.49 10058.5 
