idx xloc yloc reus1 reus2 reus3 nonreus servicetime periodic costs(1--3)
0 35.3608 21.8418 2 1 1 494 2.30518 252.577 505.154 757.731 1010.31 1262.89 1515.46 1768.04 2020.62 2273.19 2525.77 
1 35.3561 22.1545 2 3 2 638 3.41758 784.735 1569.47 2354.2 3138.94 3923.67 4708.41 5493.14 6277.88 7062.61 7847.35 
2 27.6198 25.0814 1 3 3 475 2.10486 0 0 0 0 0 0 0 0 0 0 
3 25.0266 21.0489 1 2 1 449 2.80157 314.412 628.825 943.237 1257.65 1572.06 1886.47 2200.89 2515.3 2829.71 3144.12 
4 25.6461 39.4038 3 1 3 552 3.34198 136.014 272.028 408.042 544.056 680.071 816.085 952.099 1088.11 1224.13 1360.14 
5 25.6912 23.3248 2 1 3 667 3.5575 0 0 0 0 0 0 0 0 0 0 
6 22.3384 29.3091 1 1 3 582 2.39552 375.953 751.906 1127.86 1503.81 1879.76 2255.72 2631.67 3007.62 3383.58 3759.53 
7 23.1269 26.4976 3 3 1 472 4.81182 0 0 0 0 0 0 0 0 0 0 
8 31.544 38.5908 1 2 3 581 2.10798 0 0 0 0 0 0 0 0 0 0 
9 22.3382 34.1438 3 3 2 640 2.38141 892.356 1784.71 2677.07 3569.43 4461.78 5354.14 6246.49 7138.85 8031.21 8923.56 
10 20.6158 33.1756 2 1 3 484 3.75263 744.283 1488.57 2232.85 2977.13 3721.42 4465.7 5209.98 5954.27 6698.55 7442.83 
11 27.6465 33.1526 3 3 1 596 2.98957 201.901 403.802 605.703 807.603 1009.5 1211.41 1413.31 1615.21 1817.11 2019.01 
12 39.6672 28.0239 1 2 2 416 3.60656 0 0 0 0 0 0 0 0 0 0 
13 29.9112 39.6066 3 3 3 792 3.82704 855.34 1710.68 2566.02 3421.36 4276.7 5132.04 5987.38 6842.72 7698.06 8553.4 
14 37.5897 22.7162 2 3 1 590 4.71764 638.691 1277.38 1916.07 2554.76 3193.45 3832.14 4470.84 5109.53 5748.22 6386.91 
15 31.7141 28.7517 3 2 3 755 3.21888 977.425 1954.85 2932.28 3909.7 4887.13 5864.55 6841.98 7819.4 8796.83 9774.25 
16 30.0206 29.7823 3 2 1 402 2.27406 154.091 308.182 462.272 616.363 770.454 924.545 1078.64 1232.73 1386.82 1540.91 
17 25.9029 25.2655 2 2 1 743 2.24736 110.285 220.571 330.856 441.141 551.427 661.712 771.997 882.283 992.568 1102.85 
18 34.5499 31.92 1 3 1 685 2.38392 701.763 1403.53 2105.29 2807.05 3508.82 4210.58 4912.34 5614.1 6315.87 7017.63 
19 23.8083 35.1249 1 2 3 454 3.19446 699.612 1399.22 2098.83 2798.45 3498.06 4197.67 4897.28 5596.89 6296.5 6996.12 
20 23.1207 23.7309 2 2 2 534 3.27031 253.699 507.398 761.096 1014.8 1268.49 1522.19 1775.89 2029.59 2283.29 2536.99 
21 31.9413 29.8815 3 1 1 427 3.15088 142.491 284.982 427.473 569.964 712.455 854.946 997.437 1139.93 1282.42 1424.91 
22 32.0344 28.1196 1 2 1 517 3.57188 154.102 308.203 462.305 616.407 770.508 924.61 1078.71 1232.81 1386.91 1541.02 
23 24.9321 35.954 3 1 2 657 4.84106 71.4995 142.999 214.498 285.998 357.497 428.997 500.496 571.996 643.495 714.995 
24 39.1322 23.129 3 3 1 509 2.56235 166.231 332.462 498.692 664.923 831.154 997.385 1163.62 1329.85 1496.08 1662.31 
25 35.735 28.7287 3 3 2 707 2.86037 0 0 0 0 0 0 0 0 0 0 
26 27.9163 25.1026 2 1 2 528 4.5566 371.989 743.977 1115.97 1487.95 1859.94 2231.93 2603.92 2975.91 3347.9 3719.89 
27 33.6171 31.7306 1 2 1 539 3.06916 759.759 1519.52 2279.28 3039.04 3798.79 4558.55 5318.31 6078.07 6837.83 7597.59 
28 28.5547 34.2254 3 1 1 737 2.20035 262.785 525.57 788.355 1051.14 1313.93 1576.71 1839.5 2102.28 2365.07 2627.85 
29 25.8114 27.4951 2 2 1 711 3.86343 0 0 0 0 0 0 0 0 0 0 
30 20.5868 38.7465 1 3 2 434 2.19286 615.857 1231.71 1847.57 2463.43 3079.28 3695.14 4311 4926.85 5542.71 6158.57 
31 21.9659 27.4323 1 2 1 797 4.12167 638.285 1276.57 1914.85 2553.14 3191.42 3829.71 4467.99 5106.28 5744.56 6382.85 
