idx xloc yloc reus1 reus2 reus3 nonreus servicetime periodic costs(1--3)
0 30.5639 32.2395 2 3 3 499 4.27942 552.697 1105.39 1658.09 2210.79 2763.48 3316.18 3868.88 4421.57 4974.27 5526.97 
1 35.13 27.3466 2 2 3 780 2.86435 426.999 853.998 1281 1708 2134.99 2561.99 2988.99 3415.99 3842.99 4269.99 
2 33.309 34.3961 1 1 1 609 4.30222 124.306 248.611 372.917 497.222 621.528 745.834 870.139 994.445 1118.75 1243.06 
3 37.4762 31.626 1 3 2 597 4.93781 0 0 0 0 0 0 0 0 0 0 
4 29.4996 24.1302 1 2 3 471 2.65038 785.208 1570.42 2355.62 3140.83 3926.04 4711.25 5496.45 6281.66 7066.87 7852.08 
5 21.859 38.305 1 3 1 741 3.05611 486.566 973.131 1459.7 1946.26 2432.83 2919.39 3405.96 3892.52 4379.09 4865.66 
6 33.6181 29.3079 1 3 1 421 2.89171 414.027 828.054 1242.08 1656.11 2070.14 2484.16 2898.19 3312.22 3726.24 4140.27 
7 22.0255 38.9348 1 3 3 740 3.58139 183.146 366.291 549.437 732.583 915.729 1098.87 1282.02 1465.17 1648.31 1831.46 
8 30.322 30.6724 1 2 1 615 3.51808 0 0 0 0 0 0 0 0 0 0 
9 26.6151 25.1454 1 3 3 458 4.30894 408.302 816.604 1224.91 1633.21 2041.51 2449.81 2858.11 3266.42 3674.72 4083.02 
10 39.8822 36.2165 1 2 1 582 2.9786 645.067 1290.13 1935.2 2580.27 3225.33 3870.4 4515.47 5160.53 5805.6 6450.67 
11 24.5974 29.1524 2 2 2 550 3.7227 0 0 0 0 0 0 0 0 0 0 
12 20.8179 23.7754 2 1 1 472 2.52818 643.314 1286.63 1929.94 2573.26 3216.57 3859.89 4503.2 5146.51 5789.83 6433.14 
13 24.8508 25.7971 2 1 1 496 4.60968 886.533 1773.07 2659.6 3546.13 4432.67 5319.2 6205.73 7092.27 7978.8 8865.33 
14 37.7426 32.3775 3 1 3 699 4.85288 0 0 0 0 0 0 0 0 0 0 
15 24.361 27.7867 3 1 2 596 2.70951 406.457 812.914 1219.37 1625.83 2032.29 2438.74 2845.2 3251.66 3658.11 4064.57 
16 36.6496 22.3009 2 3 2 556 4.65353 462.665 925.331 1388 1850.66 2313.33 2775.99 3238.66 3701.32 4163.99 4626.65 
17 34.6051 33.8352 2 2 1 444 2.10271 374.61 749.219 1123.83 1498.44 1873.05 2247.66 2622.27 2996.88 3371.49 3746.1 
18 24.2354 27.6574 1 3 2 581 4.4025 172.403 344.806 517.209 689.612 862.014 1034.42 1206.82 1379.22 1551.63 1724.03 
19 30.2259 25.4573 1 2 1 565 3.05021 418.96 837.92 1256.88 1675.84 2094.8 2513.76 2932.72 3351.68 3770.64 4189.6 
20 20.2662 27.4431 3 2 2 762 2.28897 501.226 1002.45 1503.68 2004.9 2506.13 3007.35 3508.58 4009.81 4511.03 5012.26 
21 36.1933 38.0254 1 2 1 742 4.02493 753.596 1507.19 2260.79 3014.39 3767.98 4521.58 5275.17 6028.77 6782.37 7535.96 
22 25.3126 22.359 2 2 2 744 4.02321 330.335 660.67 991.006 1321.34 1651.68 1982.01 2312.35 2642.68 2973.02 3303.35 
23 38.0308 35.9211 1 3 3 495 2.61722 73.2515 146.503 219.754 293.006 366.257 439.509 512.76 586.012 659.263 732.515 
24 22.8328 29.1306 2 1 2 471 4.38896 755.006 1510.01 2265.02 3020.02 3775.03 4530.03 5285.04 6040.05 6795.05 7550.06 
25 26.9093 32.7268 1 2 3 591 4.99415 449.382 898.765 1348.15 1797.53 2246.91 2696.29 3145.68 3595.06 4044.44 4493.82 
26 26.0095 37.6789 1 2 1 528 2.13013 0 0 0 0 0 0 0 0 0 0 
27 38.3665 24.7875 1 3 2 618 3.85612 0 0 0 0 0 0 0 0 0 0 
28 34.2382 32.6421 1 1 1 699 2.48211 520.86 1041.72 1562.58 2083.44 2604.3 3125.16 3646.02 4166.88 4687.74 5208.6 
29 29.4092 34.6934 1 1 3 786 4.42587 147.144 294.288 441.432 588.576 735.72 882.864 1030.01 1177.15 1324.3 1471.44 
30 36.7617 35.3108 3 2 1 788 2.00487 664.599 1329.2 1993.8 2658.39 3322.99 3987.59 4652.19 5316.79 5981.39 6645.99 
31 24.4673 33.6702 1 2 2 620 4.68296 994.376 1988.75 2983.13 3977.5 4971.88 5966.26 6960.63 7955.01 8949.39 9943.76 
