idx xloc yloc reus1 reus2 reus3 nonreus servicetime periodic costs(1--3)
0 24.0441 32.1073 2 1 2 608 2.8955 324.663 649.325 973.988 1298.65 1623.31 1947.98 2272.64 2597.3 2921.96 3246.63 
1 29.7766 35.215 3 1 1 507 3.06216 390.555 781.111 1171.67 1562.22 1952.78 2343.33 2733.89 3124.44 3515 3905.55 
2 20.639 21.1988 3 1 3 484 4.91791 606.794 1213.59 1820.38 2427.18 3033.97 3640.76 4247.56 4854.35 5461.15 6067.94 
3 23.1656 29.6659 1 3 1 436 4.95712 0 0 0 0 0 0 0 0 0 0 
4 38.6708 32.7528 1 3 1 748 4.34384 0 0 0 0 0 0 0 0 0 0 
5 39.6474 24.8871 3 3 3 595 4.80383 0 0 0 0 0 0 0 0 0 0 
6 38.2801 22.7191 3 3 3 519 4.543 849.318 1698.64 2547.96 3397.27 4246.59 5095.91 5945.23 6794.55 7643.87 8493.18 
7 30.1453 35.048 2 2 1 667 2.913 662.705 1325.41 1988.11 2650.82 3313.52 3976.23 4638.93 5301.64 5964.34 6627.05 
8 32.7729 31.3655 3 3 2 511 4.60028 642.007 1284.01 1926.02 2568.03 3210.04 3852.04 4494.05 5136.06 5778.06 6420.07 
9 23.2317 31.7486 3 2 1 659 2.06754 50.0961 100.192 150.288 200.385 250.481 300.577 350.673 400.769 450.865 500.961 
10 22.4817 30.0576 2 2 1 413 4.10128 794.722 1589.44 2384.17 3178.89 3973.61 4768.33 5563.06 6357.78 7152.5 7947.22 
11 35.3935 33.4762 3 2 1 636 2.80306 488.707 977.414 1466.12 1954.83 2443.53 2932.24 3420.95 3909.66 4398.36 4887.07 
12 25.0908 23.285 1 2 3 470 3.69491 503.77 1007.54 1511.31 2015.08 2518.85 3022.62 3526.39 4030.16 4533.93 5037.7 
13 34.0561 25.6379 1 1 2 620 3.73994 283.838 567.675 851.513 1135.35 1419.19 1703.03 1986.86 2270.7 2554.54 2838.38 
14 26.1645 22.4883 1 2 1 676 2.43784 0 0 0 0 0 0 0 0 0 0 
15 24.631 34.2732 2 3 1 418 2.87326 951.699 1903.4 2855.1 3806.8 4758.5 5710.19 6661.89 7613.59 8565.29 9516.99 
16 39.1256 34.6488 1 3 1 468 2.60107 855.519 1711.04 2566.56 3422.07 4277.59 5133.11 5988.63 6844.15 7699.67 8555.19 
17 34.3425 25.9171 3 1 1 703 3.91001 563.093 1126.19 1689.28 2252.37 2815.47 3378.56 3941.65 4504.75 5067.84 5630.93 
18 34.8756 39.0009 3 1 2 697 2.00574 547.843 1095.69 1643.53 2191.37 2739.21 3287.06 3834.9 4382.74 4930.59 5478.43 
19 27.1396 21.2288 3 2 1 615 2.53524 464.251 928.501 1392.75 1857 2321.25 2785.5 3249.75 3714.01 4178.26 4642.51 
20 24.4046 38.1287 2 3 1 452 2.18093 258.09 516.181 774.271 1032.36 1290.45 1548.54 1806.63 2064.72 2322.81 2580.9 
21 21.8784 30.9985 2 1 1 483 2.12263 441.474 882.948 1324.42 1765.9 2207.37 2648.84 3090.32 3531.79 3973.27 4414.74 
22 30.5406 26.8804 3 2 1 703 2.98661 232.774 465.548 698.322 931.096 1163.87 1396.64 1629.42 1862.19 2094.97 2327.74 
23 35.4432 21.5431 3 3 3 582 3.62298 157.328 314.656 471.985 629.313 786.641 943.969 1101.3 1258.63 1415.95 1573.28 
24 26.8784 35.558 1 3 3 591 4.87098 0 0 0 0 0 0 0 0 0 0 
25 35.8796 26.4614 2 1 3 653 4.02512 588.028 1176.06 1764.09 2352.11 2940.14 3528.17 4116.2 4704.23 5292.26 5880.28 
26 35.2089 21.3107 3 3 3 689 3.24282 283.309 566.619 849.928 1133.24 1416.55 1699.86 1983.17 2266.48 2549.79 2833.09 
27 28.2973 24.7485 2 1 1 418 4.15691 276.198 552.396 828.593 1104.79 1380.99 1657.19 1933.38 2209.58 2485.78 2761.98 
28 35.1775 36.1304 2 2 3 741 3.96664 101.512 203.024 304.537 406.049 507.561 609.073 710.585 812.097 913.61 1015.12 
29 20.0283 24.727 3 2 2 743 2.10713 0 0 0 0 0 0 0 0 0 0 
30 33.4125 37.7534 1 3 2 409 3.74889 852.797 1705.59 2558.39 3411.19 4263.99 5116.78 5969.58 6822.38 7675.17 8527.97 
31 24.1066 22.1863 3 3 3 780 2.71837 583.691 1167.38 1751.07 2334.76 2918.46 3502.15 4085.84 4669.53 5253.22 5836.91 
