idx xloc yloc reus1 reus2 reus3 nonreus servicetime periodic costs(1--3)
0 21.1356 31.0491 1 1 2 778 2.39485 0 0 0 0 0 0 0 
1 22.1444 31.738 1 2 2 722 4.65834 110.637 221.275 331.912 442.549 553.187 663.824 774.461 
2 30.5459 24.838 1 1 3 428 2.66486 566.304 1132.61 1698.91 2265.22 2831.52 3397.82 3964.13 
3 39.3641 39.5438 2 3 1 686 4.17734 0 0 0 0 0 0 0 
4 31.693 35.2553 1 2 3 537 2.40609 312.862 625.724 938.586 1251.45 1564.31 1877.17 2190.03 
5 24.5852 20.1295 1 2 1 630 4.11438 814.977 1629.95 2444.93 3259.91 4074.89 4889.86 5704.84 
6 28.0726 39.9682 3 2 3 664 2.71996 680.538 1361.08 2041.61 2722.15 3402.69 4083.23 4763.77 
7 31.1392 37.2734 3 2 1 590 3.38331 0 0 0 0 0 0 0 
8 31.3765 39.5682 1 1 1 711 4.39536 348.773 697.545 1046.32 1395.09 1743.86 2092.64 2441.41 
9 33.8267 27.8416 1 1 3 449 2.77206 426.091 852.182 1278.27 1704.36 2130.45 2556.54 2982.64 
10 22.3151 39.9111 2 3 1 614 2.90552 0 0 0 0 0 0 0 
11 25.5465 23.3435 1 2 2 528 4.09974 630.014 1260.03 1890.04 2520.06 3150.07 3780.08 4410.1 
12 35.5503 35.6516 3 2 2 594 4.58737 0 0 0 0 0 0 0 
13 29.2288 32.1969 2 2 1 603 2.04271 726.671 1453.34 2180.01 2906.68 3633.35 4360.02 5086.69 
14 27.4724 37.2397 2 3 2 576 3.1857 590.066 1180.13 1770.2 2360.26 2950.33 3540.4 4130.46 
15 29.2132 37.2681 2 2 3 530 2.87422 347.186 694.371 1041.56 1388.74 1735.93 2083.11 2430.3 
16 38.3286 21.4899 2 2 2 438 2.64283 979.188 1958.38 2937.57 3916.75 4895.94 5875.13 6854.32 
17 31.2959 27.2791 2 2 2 784 2.47863 201.897 403.793 605.69 807.586 1009.48 1211.38 1413.28 
18 37.7022 36.69 1 3 3 446 3.59622 381.02 762.04 1143.06 1524.08 1905.1 2286.12 2667.14 
19 31.7055 26.5755 3 3 2 509 3.46468 814.306 1628.61 2442.92 3257.22 4071.53 4885.84 5700.14 
20 37.7838 22.5197 2 1 2 541 4.82897 686.249 1372.5 2058.75 2745 3431.25 4117.5 4803.74 
21 32.3266 39.4457 3 2 2 726 3.26116 309.883 619.767 929.65 1239.53 1549.42 1859.3 2169.18 
22 28.9527 23.721 2 1 3 572 2.51663 390.719 781.438 1172.16 1562.88 1953.6 2344.31 2735.03 
