idx xloc yloc reus1 reus2 reus3 nonreus servicetime periodic costs(1--3)
0 36.8534 23.5517 3 1 2 519 3.45667 644.734 1289.47 1934.2 2578.94 3223.67 3868.4 4513.14 
1 21.101 32.1465 1 3 3 486 4.47572 271.226 542.452 813.678 1084.9 1356.13 1627.36 1898.58 
2 37.8337 25.6191 2 3 1 657 4.53713 792.984 1585.97 2378.95 3171.94 3964.92 4757.9 5550.89 
3 26.9665 35.4652 1 3 3 677 4.71891 435.376 870.753 1306.13 1741.51 2176.88 2612.26 3047.63 
4 36.1532 25.2 1 2 2 701 2.68456 396.088 792.177 1188.27 1584.35 1980.44 2376.53 2772.62 
5 31.8009 36.9853 3 2 3 644 2.86799 0 0 0 0 0 0 0 
6 23.6765 20.0586 2 3 3 542 4.374 107.12 214.24 321.36 428.48 535.6 642.72 749.841 
7 23.3857 30.2691 1 2 2 544 3.51782 279.132 558.264 837.397 1116.53 1395.66 1674.79 1953.93 
8 26.4331 20.7285 1 1 3 590 3.2262 589.959 1179.92 1769.88 2359.83 2949.79 3539.75 4129.71 
9 32.9889 21.3661 1 2 3 531 2.0044 0 0 0 0 0 0 0 
10 33.9348 39.629 1 2 2 701 2.41304 829.78 1659.56 2489.34 3319.12 4148.9 4978.68 5808.46 
11 36.6597 26.2424 3 2 2 684 2.87288 429.238 858.475 1287.71 1716.95 2146.19 2575.43 3004.66 
12 25.895 37.037 3 3 3 690 2.5083 872.117 1744.23 2616.35 3488.47 4360.58 5232.7 6104.82 
13 36.7991 22.4271 1 2 3 697 2.26298 309.718 619.436 929.154 1238.87 1548.59 1858.31 2168.03 
14 33.0998 39.9916 2 2 1 639 3.37669 646.029 1292.06 1938.09 2584.12 3230.14 3876.17 4522.2 
15 34.6436 23.4032 3 3 1 773 2.16325 549.267 1098.53 1647.8 2197.07 2746.34 3295.6 3844.87 
16 22.5416 33.1717 3 2 3 487 4.25663 120.183 240.366 360.549 480.733 600.916 721.099 841.282 
17 37.2199 31.8992 3 2 3 451 3.22133 596.894 1193.79 1790.68 2387.57 2984.47 3581.36 4178.25 
18 36.1954 25.7472 3 3 3 719 4.61191 101.825 203.649 305.474 407.298 509.123 610.947 712.772 
19 21.916 30.1722 1 2 1 555 4.64471 94.8046 189.609 284.414 379.218 474.023 568.827 663.632 
20 23.1951 28.4396 1 2 2 552 3.80162 577.017 1154.03 1731.05 2308.07 2885.09 3462.1 4039.12 
21 21.5079 28.7841 1 1 2 491 4.65091 328.097 656.194 984.291 1312.39 1640.49 1968.58 2296.68 
22 29.5548 22.0227 2 2 1 562 3.09085 0 0 0 0 0 0 0 
