idx xloc yloc reus1 reus2 reus3 nonreus servicetime periodic costs(1--3)
0 33.3958 33.4491 1 3 2 786 2.11481 0 0 0 0 0 0 0 
1 24.6945 32.6759 1 2 1 685 3.56749 428.935 857.87 1286.8 1715.74 2144.67 2573.61 3002.54 
2 29.0423 31.9696 3 3 1 674 3.96316 0 0 0 0 0 0 0 
3 25.4272 38.7472 3 3 2 784 4.04402 488.052 976.104 1464.16 1952.21 2440.26 2928.31 3416.36 
4 32.264 37.2732 1 3 1 589 3.67938 425.189 850.378 1275.57 1700.76 2125.95 2551.13 2976.32 
5 34.3036 26.5753 1 3 1 538 4.24872 0 0 0 0 0 0 0 
6 25.1213 32.8916 2 3 1 555 2.89063 387.882 775.765 1163.65 1551.53 1939.41 2327.29 2715.18 
7 24.9008 32.2715 2 1 2 597 2.72745 105.953 211.906 317.859 423.813 529.766 635.719 741.672 
8 23.2126 23.8735 3 1 3 429 4.4687 899.148 1798.3 2697.45 3596.59 4495.74 5394.89 6294.04 
9 38.15 26.6368 2 2 3 421 2.82525 0 0 0 0 0 0 0 
10 39.5401 29.5363 2 1 3 513 3.79879 876.506 1753.01 2629.52 3506.03 4382.53 5259.04 6135.54 
11 22.2963 23.0114 3 1 1 546 2.82935 403.324 806.648 1209.97 1613.3 2016.62 2419.94 2823.27 
12 30.4552 33.6587 1 1 3 599 2.16802 122.731 245.461 368.192 490.923 613.654 736.384 859.115 
13 33.1335 39.7709 3 2 1 651 3.83706 460.055 920.11 1380.16 1840.22 2300.27 2760.33 3220.38 
14 34.6383 34.9206 1 2 3 587 2.31264 644.27 1288.54 1932.81 2577.08 3221.35 3865.62 4509.89 
15 25.3613 27.7776 2 2 1 481 3.80527 620.066 1240.13 1860.2 2480.26 3100.33 3720.4 4340.46 
16 26.4223 38.0033 3 1 1 669 3.03927 0 0 0 0 0 0 0 
17 31.366 25.5904 2 1 1 528 4.13892 590.241 1180.48 1770.72 2360.96 2951.21 3541.45 4131.69 
18 37.8174 21.3758 3 2 2 674 2.88083 316.599 633.198 949.796 1266.4 1582.99 1899.59 2216.19 
19 38.0333 22.9023 1 2 3 694 4.20359 569.527 1139.05 1708.58 2278.11 2847.63 3417.16 3986.69 
20 32.892 21.7146 3 2 3 730 2.98547 395.676 791.352 1187.03 1582.7 1978.38 2374.06 2769.73 
21 37.994 24.1387 1 2 1 583 4.5529 0 0 0 0 0 0 0 
22 21.9107 34.9077 3 1 3 791 3.42011 637.503 1275.01 1912.51 2550.01 3187.51 3825.02 4462.52 
