idx xloc yloc reus1 reus2 reus3 nonreus servicetime periodic costs(1--3)
0 33.9923 33.5986 2 3 3 601 2.62418 68.3376 136.675 205.013 273.35 
1 35.9907 31.2002 3 3 3 509 2.76071 51.2888 102.578 153.866 205.155 
2 38.4764 20.1514 3 1 1 769 2.40908 0 0 0 0 
3 23.1336 33.8409 2 3 2 645 3.08551 729.684 1459.37 2189.05 2918.74 
4 26.335 31.8062 2 2 2 449 3.41114 220.455 440.909 661.364 881.818 
5 31.3496 33.5806 3 1 3 709 2.28119 868.819 1737.64 2606.46 3475.28 
6 20.76 22.0255 2 2 1 536 3.32854 440.935 881.869 1322.8 1763.74 
7 29.5163 30.1117 3 3 2 304 4.63884 876.582 1753.16 2629.75 3506.33 
8 28.7518 29.042 2 3 2 712 3.91009 593.514 1187.03 1780.54 2374.05 
9 29.2599 26.5967 2 1 1 698 3.62396 0 0 0 0 
10 37.2001 36.2821 1 1 3 472 4.81961 394.392 788.784 1183.18 1577.57 
11 34.9851 25.2746 3 1 3 429 2.32161 241.868 483.736 725.603 967.471 
12 30.3918 34.6078 3 2 2 369 4.32213 781.678 1563.36 2345.03 3126.71 
13 31.7212 32.8721 3 2 3 459 3.34379 0 0 0 0 
14 27.7166 37.8828 3 2 1 565 3.85823 75.0745 150.149 225.224 300.298 
15 33.8071 38.8443 3 2 1 632 3.59614 897.663 1795.33 2692.99 3590.65 
16 23.2567 21.1792 3 3 2 513 3.43907 0 0 0 0 
17 23.9184 23.7113 3 2 3 677 2.15539 592.093 1184.19 1776.28 2368.37 
18 27.7287 37.874 3 2 3 666 4.67477 998.073 1996.15 2994.22 3992.29 
19 21.2377 31.4156 1 2 2 397 4.9382 379.874 759.748 1139.62 1519.5 
20 30.0142 23.7125 2 2 1 404 3.31285 567.452 1134.9 1702.36 2269.81 
21 35.8809 39.7115 2 3 2 386 4.84904 412.56 825.119 1237.68 1650.24 
22 27.9112 28.1389 1 2 3 673 3.71086 60.083 120.166 180.249 240.332 
23 32.6029 28.185 3 3 1 605 4.34835 341.987 683.975 1025.96 1367.95 
24 22.218 23.0169 3 3 2 532 4.73276 0 0 0 0 
25 37.6139 26.3368 3 3 2 737 3.47962 0 0 0 0 
