idx xloc yloc reus1 reus2 reus3 nonreus servicetime periodic costs(1--3)
0 39.7306 35.6194 2 2 3 679 3.11601 577.116 1154.23 1731.35 2308.46 
1 34.5557 35.9641 3 2 3 389 4.93562 731.992 1463.98 2195.98 2927.97 
2 23.557 28.208 1 2 1 501 3.32722 345.788 691.576 1037.36 1383.15 
3 27.7654 28.6234 2 3 3 777 3.5962 0 0 0 0 
4 23.001 35.3853 3 3 2 429 4.38475 706.976 1413.95 2120.93 2827.91 
5 25.4286 26.9205 3 1 3 572 3.30475 751.108 1502.22 2253.32 3004.43 
6 28.8439 21.7741 3 2 2 386 2.15891 927.588 1855.18 2782.76 3710.35 
7 34.0224 33.011 3 1 2 569 2.57478 522.78 1045.56 1568.34 2091.12 
8 38.7495 23.2514 1 1 2 491 2.3126 992.902 1985.8 2978.7 3971.61 
9 36.4454 22.4678 3 2 1 467 3.74204 80.6341 161.268 241.902 322.536 
10 27.1344 24.5601 2 1 1 308 4.96359 926.06 1852.12 2778.18 3704.24 
11 39.5895 34.082 1 2 3 363 3.13797 917.546 1835.09 2752.64 3670.18 
12 36.9465 32.296 3 3 2 594 4.59869 120.918 241.835 362.753 483.67 
13 25.6438 38.5958 3 1 2 623 3.13012 387.721 775.443 1163.16 1550.89 
14 30.3116 34.6288 1 3 3 624 4.81767 0 0 0 0 
15 33.5192 24.1768 3 1 3 531 4.948 153.062 306.124 459.186 612.248 
16 36.8836 20.1162 1 1 3 552 4.561 827.904 1655.81 2483.71 3311.62 
17 28.4915 28.4189 3 1 3 349 4.02918 258.881 517.761 776.642 1035.52 
18 27.7727 38.8014 3 1 2 369 2.01337 782.64 1565.28 2347.92 3130.56 
19 34.3087 28.3355 1 3 3 510 3.89473 310.816 621.633 932.449 1243.27 
20 24.4993 29.4394 1 2 3 395 4.48353 651.146 1302.29 1953.44 2604.59 
21 26.6014 29.4452 2 2 1 368 4.35294 697.684 1395.37 2093.05 2790.74 
22 28.6521 24.4296 3 2 3 760 4.40691 593.284 1186.57 1779.85 2373.14 
23 25.4355 28.3741 3 2 1 777 3.18292 0 0 0 0 
24 39.3262 32.7975 3 3 3 617 2.15682 948.36 1896.72 2845.08 3793.44 
25 24.4863 37.543 1 2 1 644 3.86252 620.53 1241.06 1861.59 2482.12 
