idx xloc yloc reus1 reus2 reus3 nonreus servicetime periodic costs(1--3)
0 28.8918 29.3681 1 3 3 418 2.87684 329.87 659.741 989.611 1319.48 
1 36.5745 29.8961 2 1 2 433 3.10233 632.621 1265.24 1897.86 2530.48 
2 37.7361 32.647 2 3 3 365 2.51275 0 0 0 0 
3 37.5015 28.6449 2 3 3 772 2.4437 525.782 1051.56 1577.35 2103.13 
4 21.0564 26.2331 3 3 1 328 2.61451 416.722 833.444 1250.17 1666.89 
5 24.1 37.8935 2 3 2 535 4.71607 0 0 0 0 
6 31.926 34.2177 1 2 3 592 2.32966 0 0 0 0 
7 32.5433 33.9863 3 1 3 567 3.61956 628.232 1256.46 1884.69 2512.93 
8 28.7424 20.6729 3 3 3 453 3.80463 727.401 1454.8 2182.2 2909.6 
9 37.0363 28.6566 2 2 2 674 2.08571 536.025 1072.05 1608.08 2144.1 
10 24.7699 20.269 2 2 3 429 3.5243 989.99 1979.98 2969.97 3959.96 
11 33.2106 33.863 2 2 3 552 3.07448 622.682 1245.36 1868.05 2490.73 
12 39.2872 26.4555 1 1 1 402 3.06048 477.932 955.864 1433.8 1911.73 
13 29.3216 33.626 2 1 3 694 2.05771 772.91 1545.82 2318.73 3091.64 
14 30.4333 29.4778 2 3 1 415 4.76581 902.126 1804.25 2706.38 3608.51 
15 24.9172 21.3876 1 2 3 366 2.95591 861.275 1722.55 2583.82 3445.1 
16 35.3254 32.6787 3 3 3 535 4.09822 0 0 0 0 
17 32.1798 23.7784 1 1 3 467 2.65479 541.522 1083.04 1624.56 2166.09 
18 36.5874 22.3423 1 3 1 742 4.83637 502.692 1005.38 1508.08 2010.77 
19 27.6042 22.9491 1 1 1 401 2.79324 833.134 1666.27 2499.4 3332.54 
20 33.4259 37.5251 2 2 1 784 2.73981 429.559 859.118 1288.68 1718.24 
21 36.1583 28.1538 2 3 3 475 2.21395 0 0 0 0 
22 23.8547 35.4685 1 3 1 612 4.21838 723.142 1446.28 2169.43 2892.57 
23 22.1499 38.1723 3 1 2 774 3.9504 261.448 522.896 784.344 1045.79 
24 20.4617 32.2704 1 1 2 436 3.06805 932.147 1864.29 2796.44 3728.59 
25 28.4942 38.9745 1 1 2 574 2.63488 460.752 921.505 1382.26 1843.01 
