idx xloc yloc reus1 reus2 reus3 nonreus servicetime periodic costs(1--3)
0 32.6611 24.9174 3 3 3 449 4.71305 197.132 394.265 591.397 788.53 985.662 1182.79 1379.93 1577.06 1774.19 1971.32 2168.46 2365.59 2562.72 2759.85 
1 29.4816 30.4057 3 1 1 429 4.33362 794.161 1588.32 2382.48 3176.65 3970.81 4764.97 5559.13 6353.29 7147.45 7941.61 8735.78 9529.94 10324.1 11118.3 
2 32.9193 26.2017 3 2 2 449 5.80529 865.456 1730.91 2596.37 3461.82 4327.28 5192.74 6058.19 6923.65 7789.11 8654.56 9520.02 10385.5 11250.9 12116.4 
3 28.8448 33.8481 3 3 2 564 4.58421 598.144 1196.29 1794.43 2392.58 2990.72 3588.87 4187.01 4785.15 5383.3 5981.44 6579.59 7177.73 7775.88 8374.02 
4 32.9468 25.8558 3 2 3 774 3.04692 465.167 930.333 1395.5 1860.67 2325.83 2791 3256.17 3721.33 4186.5 4651.67 5116.83 5582 6047.17 6512.33 
5 39.8767 37.9923 2 2 3 443 5.92383 372.717 745.434 1118.15 1490.87 1863.59 2236.3 2609.02 2981.74 3354.45 3727.17 4099.89 4472.6 4845.32 5218.04 
6 21.3449 36.0665 1 1 3 594 4.96037 193.665 387.33 580.996 774.661 968.326 1161.99 1355.66 1549.32 1742.99 1936.65 2130.32 2323.98 2517.65 2711.31 
7 33.4608 28.1647 3 1 3 662 4.72486 346.642 693.285 1039.93 1386.57 1733.21 2079.85 2426.5 2773.14 3119.78 3466.42 3813.07 4159.71 4506.35 4852.99 
8 29.3148 28.6894 3 2 2 759 3.28506 888.448 1776.9 2665.34 3553.79 4442.24 5330.69 6219.14 7107.58 7996.03 8884.48 9772.93 10661.4 11549.8 12438.3 
9 25.6583 27.233 3 1 2 663 4.06691 790.477 1580.95 2371.43 3161.91 3952.39 4742.86 5533.34 6323.82 7114.3 7904.77 8695.25 9485.73 10276.2 11066.7 
10 20.0634 26.5404 1 1 3 705 4.09982 871.416 1742.83 2614.25 3485.66 4357.08 5228.49 6099.91 6971.33 7842.74 8714.16 9585.57 10457 11328.4 12199.8 
11 36.8928 23.3082 3 3 2 456 3.81512 262.473 524.947 787.42 1049.89 1312.37 1574.84 1837.31 2099.79 2362.26 2624.73 2887.21 3149.68 3412.15 3674.63 
12 25.1489 33.6402 3 1 3 664 5.69407 328.393 656.787 985.18 1313.57 1641.97 1970.36 2298.75 2627.15 2955.54 3283.93 3612.33 3940.72 4269.11 4597.51 
13 25.8132 30.5314 1 1 2 546 5.10861 666.392 1332.78 1999.18 2665.57 3331.96 3998.35 4664.74 5331.13 5997.53 6663.92 7330.31 7996.7 8663.09 9329.49 
14 39.4463 26.6295 3 1 3 577 5.2378 267.606 535.213 802.819 1070.43 1338.03 1605.64 1873.24 2140.85 2408.46 2676.06 2943.67 3211.28 3478.88 3746.49 
15 26.065 39.3214 3 2 2 699 4.68339 526.394 1052.79 1579.18 2105.58 2631.97 3158.37 3684.76 4211.15 4737.55 5263.94 5790.34 6316.73 6843.12 7369.52 
16 22.8578 27.5165 2 3 2 549 5.78038 861.546 1723.09 2584.64 3446.18 4307.73 5169.28 6030.82 6892.37 7753.92 8615.46 9477.01 10338.6 11200.1 12061.6 
17 21.2512 30.2561 2 3 1 463 4.48208 591.292 1182.58 1773.87 2365.17 2956.46 3547.75 4139.04 4730.33 5321.62 5912.92 6504.21 7095.5 7686.79 8278.08 
18 20.3762 34.898 1 2 2 552 4.06838 487.599 975.198 1462.8 1950.4 2437.99 2925.59 3413.19 3900.79 4388.39 4875.99 5363.59 5851.19 6338.78 6826.38 
19 36.1569 39.7247 2 2 1 613 3.98952 199.124 398.247 597.371 796.494 995.618 1194.74 1393.87 1592.99 1792.11 1991.24 2190.36 2389.48 2588.61 2787.73 
20 35.8593 33.6947 2 3 2 606 5.60146 400.721 801.442 1202.16 1602.88 2003.6 2404.33 2805.05 3205.77 3606.49 4007.21 4407.93 4808.65 5209.37 5610.09 
21 28.8792 29.6139 2 3 1 518 3.17202 363.306 726.612 1089.92 1453.22 1816.53 2179.84 2543.14 2906.45 3269.76 3633.06 3996.37 4359.67 4722.98 5086.29 
22 33.7931 28.4034 1 1 3 788 3.21057 329.98 659.959 989.939 1319.92 1649.9 1979.88 2309.86 2639.84 2969.82 3299.8 3629.78 3959.76 4289.74 4619.72 
23 30.1094 24.4677 2 3 2 784 3.85488 259.333 518.665 777.998 1037.33 1296.66 1556 1815.33 2074.66 2333.99 2593.33 2852.66 3111.99 3371.32 3630.66 
24 24.9419 25.7951 3 1 1 675 4.74397 813.155 1626.31 2439.47 3252.62 4065.78 4878.93 5692.09 6505.24 7318.4 8131.55 8944.71 9757.86 10571 11384.2 
25 20.8112 24.6995 3 1 2 755 3.97054 973.187 1946.37 2919.56 3892.75 4865.94 5839.12 6812.31 7785.5 8758.69 9731.87 10705.1 11678.2 12651.4 13624.6 
26 25.1111 39.1069 1 3 3 518 5.61309 736.928 1473.86 2210.78 2947.71 3684.64 4421.57 5158.5 5895.42 6632.35 7369.28 8106.21 8843.14 9580.06 10317 
27 20.2006 39.8055 2 3 3 598 5.05109 894.656 1789.31 2683.97 3578.63 4473.28 5367.94 6262.59 7157.25 8051.91 8946.56 9841.22 10735.9 11630.5 12525.2 
28 32.9472 37.4109 1 1 3 406 5.38856 875.085 1750.17 2625.25 3500.34 4375.42 5250.51 6125.59 7000.68 7875.76 8750.85 9625.93 10501 11376.1 12251.2 
29 35.3862 27.6471 3 2 1 466 4.21012 600.278 1200.56 1800.83 2401.11 3001.39 3601.67 4201.94 4802.22 5402.5 6002.78 6603.05 7203.33 7803.61 8403.89 
