idx xloc yloc reus1 reus2 reus3 nonreus servicetime periodic costs(1--3)
0 37.6211 25.197 3 1 3 727 3.90934 408.926 817.852 1226.78 1635.7 2044.63 2453.56 2862.48 3271.41 3680.34 4089.26 4498.19 4907.11 5316.04 5724.97 
1 36.9983 36.5357 2 1 3 456 4.85365 714.075 1428.15 2142.22 2856.3 3570.37 4284.45 4998.52 5712.6 6426.67 7140.75 7854.82 8568.9 9282.97 9997.05 
2 26.3303 27.3061 3 2 3 763 4.80439 585.77 1171.54 1757.31 2343.08 2928.85 3514.62 4100.39 4686.16 5271.93 5857.7 6443.47 7029.24 7615.01 8200.78 
3 21.2908 38.3278 3 3 2 677 3.58909 846.561 1693.12 2539.68 3386.24 4232.8 5079.37 5925.93 6772.49 7619.05 8465.61 9312.17 10158.7 11005.3 11851.9 
4 25.6366 21.458 3 2 3 447 5.55483 524.338 1048.68 1573.02 2097.35 2621.69 3146.03 3670.37 4194.71 4719.05 5243.38 5767.72 6292.06 6816.4 7340.74 
5 32.2299 20.7323 2 1 1 516 5.00372 886.953 1773.91 2660.86 3547.81 4434.77 5321.72 6208.67 7095.62 7982.58 8869.53 9756.48 10643.4 11530.4 12417.3 
6 27.7567 32.824 2 2 3 674 3.36574 732.049 1464.1 2196.15 2928.2 3660.25 4392.3 5124.35 5856.4 6588.45 7320.49 8052.54 8784.59 9516.64 10248.7 
7 26.6661 35.6192 3 2 3 438 5.27305 909.487 1818.97 2728.46 3637.95 4547.43 5456.92 6366.41 7275.89 8185.38 9094.87 10004.4 10913.8 11823.3 12732.8 
8 33.5419 26.8528 3 3 2 715 4.67454 723.865 1447.73 2171.6 2895.46 3619.33 4343.19 5067.06 5790.92 6514.79 7238.65 7962.52 8686.38 9410.25 10134.1 
9 26.2671 20.9463 2 2 3 420 5.86297 250.371 500.743 751.114 1001.49 1251.86 1502.23 1752.6 2002.97 2253.34 2503.71 2754.08 3004.46 3254.83 3505.2 
10 21.3214 23.676 2 2 1 576 4.96068 843.178 1686.36 2529.53 3372.71 4215.89 5059.07 5902.25 6745.43 7588.6 8431.78 9274.96 10118.1 10961.3 11804.5 
11 33.8894 39.1489 3 1 1 646 5.40736 969.256 1938.51 2907.77 3877.03 4846.28 5815.54 6784.79 7754.05 8723.31 9692.56 10661.8 11631.1 12600.3 13569.6 
12 23.6469 23.617 3 2 3 737 3.50816 692.325 1384.65 2076.97 2769.3 3461.62 4153.95 4846.27 5538.6 6230.92 6923.25 7615.57 8307.9 9000.22 9692.55 
13 23.8361 20.3989 2 3 1 637 5.04036 715.81 1431.62 2147.43 2863.24 3579.05 4294.86 5010.67 5726.48 6442.29 7158.1 7873.91 8589.72 9305.53 10021.3 
14 36.1185 31.7972 1 3 3 596 4.50546 263.574 527.148 790.722 1054.3 1317.87 1581.44 1845.02 2108.59 2372.16 2635.74 2899.31 3162.89 3426.46 3690.03 
15 23.2231 31.98 2 1 3 730 3.93914 717.491 1434.98 2152.47 2869.97 3587.46 4304.95 5022.44 5739.93 6457.42 7174.91 7892.4 8609.9 9327.39 10044.9 
16 30.213 28.8638 2 1 3 465 5.79231 706.423 1412.85 2119.27 2825.69 3532.12 4238.54 4944.96 5651.39 6357.81 7064.23 7770.66 8477.08 9183.5 9889.93 
17 26.821 32.5874 1 1 3 431 3.85696 347.56 695.121 1042.68 1390.24 1737.8 2085.36 2432.92 2780.48 3128.04 3475.6 3823.16 4170.73 4518.29 4865.85 
18 28.4397 38.4351 1 3 2 451 4.76623 834.165 1668.33 2502.49 3336.66 4170.82 5004.99 5839.15 6673.32 7507.48 8341.65 9175.81 10010 10844.1 11678.3 
19 33.3819 24.392 2 1 1 657 3.21726 76.4432 152.886 229.33 305.773 382.216 458.659 535.102 611.546 687.989 764.432 840.875 917.318 993.762 1070.2 
20 30.9178 37.739 3 3 1 722 4.81732 330.8 661.601 992.401 1323.2 1654 1984.8 2315.6 2646.4 2977.2 3308 3638.8 3969.6 4300.4 4631.2 
21 37.0666 34.8857 3 3 1 467 3.33936 763.266 1526.53 2289.8 3053.06 3816.33 4579.6 5342.86 6106.13 6869.4 7632.66 8395.93 9159.19 9922.46 10685.7 
22 31.1284 23.3862 3 2 3 570 4.72631 335.877 671.754 1007.63 1343.51 1679.39 2015.26 2351.14 2687.02 3022.89 3358.77 3694.65 4030.53 4366.4 4702.28 
23 31.9043 35.1862 3 2 3 664 5.16417 822.432 1644.86 2467.29 3289.73 4112.16 4934.59 5757.02 6579.45 7401.88 8224.32 9046.75 9869.18 10691.6 11514 
24 25.6276 24.2892 1 3 1 555 3.50572 431.708 863.415 1295.12 1726.83 2158.54 2590.25 3021.95 3453.66 3885.37 4317.08 4748.78 5180.49 5612.2 6043.91 
25 29.4125 20.7074 3 1 2 745 3.47091 560.885 1121.77 1682.66 2243.54 2804.43 3365.31 3926.2 4487.08 5047.97 5608.85 6169.74 6730.62 7291.51 7852.39 
26 34.7988 20.5644 1 3 2 510 3.72606 94.9183 189.837 284.755 379.673 474.592 569.51 664.428 759.347 854.265 949.183 1044.1 1139.02 1233.94 1328.86 
27 34.5566 33.6765 2 3 3 582 4.5747 676.558 1353.12 2029.67 2706.23 3382.79 4059.35 4735.91 5412.46 6089.02 6765.58 7442.14 8118.7 8795.25 9471.81 
28 25.0964 37.6187 3 2 2 519 5.31429 845.1 1690.2 2535.3 3380.4 4225.5 5070.6 5915.7 6760.8 7605.9 8451 9296.1 10141.2 10986.3 11831.4 
29 25.3729 28.9421 1 3 3 522 4.24549 103.216 206.432 309.648 412.864 516.08 619.295 722.511 825.727 928.943 1032.16 1135.37 1238.59 1341.81 1445.02 
