idx xloc yloc reus1 reus2 reus3 nonreus servicetime periodic costs(1--3)
0 27.763 38.3796 2 3 2 474 4.86706 797.315 1594.63 2391.95 3189.26 3986.58 4783.89 5581.21 6378.52 7175.84 7973.15 8770.47 9567.79 10365.1 11162.4 
1 27.7299 31.3018 3 2 1 666 5.28281 515.062 1030.12 1545.19 2060.25 2575.31 3090.37 3605.44 4120.5 4635.56 5150.62 5665.69 6180.75 6695.81 7210.87 
2 25.6355 32.9375 3 3 1 689 3.60621 307.406 614.813 922.219 1229.63 1537.03 1844.44 2151.84 2459.25 2766.66 3074.06 3381.47 3688.88 3996.28 4303.69 
3 37.3948 31.8972 3 1 2 526 5.24786 693.923 1387.85 2081.77 2775.69 3469.61 4163.54 4857.46 5551.38 6245.3 6939.23 7633.15 8327.07 9020.99 9714.92 
4 22.6169 27.9033 1 1 1 667 3.28044 516.313 1032.63 1548.94 2065.25 2581.56 3097.88 3614.19 4130.5 4646.81 5163.13 5679.44 6195.75 6712.06 7228.38 
5 26.586 33.9223 2 2 3 545 3.69613 480.25 960.501 1440.75 1921 2401.25 2881.5 3361.75 3842 4322.25 4802.5 5282.75 5763.01 6243.26 6723.51 
6 38.6544 21.5167 1 3 1 677 3.00807 796.663 1593.33 2389.99 3186.65 3983.31 4779.98 5576.64 6373.3 7169.96 7966.63 8763.29 9559.95 10356.6 11153.3 
7 22.4796 24.4213 3 2 3 711 4.53435 65.3601 130.72 196.08 261.44 326.8 392.16 457.52 522.881 588.241 653.601 718.961 784.321 849.681 915.041 
8 38.1838 34.5886 3 2 2 686 3.62026 815.135 1630.27 2445.41 3260.54 4075.68 4890.81 5705.95 6521.08 7336.22 8151.35 8966.49 9781.62 10596.8 11411.9 
9 23.274 34.9659 1 1 1 411 5.05704 334.646 669.293 1003.94 1338.59 1673.23 2007.88 2342.52 2677.17 3011.82 3346.46 3681.11 4015.76 4350.4 4685.05 
10 22.0055 25.488 1 1 3 406 3.45129 705.087 1410.17 2115.26 2820.35 3525.44 4230.52 4935.61 5640.7 6345.78 7050.87 7755.96 8461.04 9166.13 9871.22 
11 20.7455 21.9647 2 2 2 736 4.6101 226.783 453.565 680.348 907.131 1133.91 1360.7 1587.48 1814.26 2041.04 2267.83 2494.61 2721.39 2948.17 3174.96 
12 21.0689 31.0329 1 2 3 566 3.61069 216.308 432.615 648.923 865.23 1081.54 1297.85 1514.15 1730.46 1946.77 2163.08 2379.38 2595.69 2812 3028.31 
13 33.6934 39.5864 1 1 2 406 3.70478 218.75 437.501 656.251 875.002 1093.75 1312.5 1531.25 1750 1968.75 2187.5 2406.25 2625.01 2843.76 3062.51 
14 28.7115 35.922 3 1 1 585 5.73679 811.399 1622.8 2434.2 3245.6 4057 4868.39 5679.79 6491.19 7302.59 8113.99 8925.39 9736.79 10548.2 11359.6 
15 22.6081 21.5025 3 3 3 425 5.10575 888.074 1776.15 2664.22 3552.29 4440.37 5328.44 6216.52 7104.59 7992.66 8880.74 9768.81 10656.9 11545 12433 
16 34.5991 30.4884 2 3 3 714 3.30109 95.692 191.384 287.076 382.768 478.46 574.152 669.844 765.536 861.228 956.92 1052.61 1148.3 1244 1339.69 
17 23.3862 27.1218 2 2 2 518 4.01616 544.518 1089.04 1633.55 2178.07 2722.59 3267.11 3811.62 4356.14 4900.66 5445.18 5989.69 6534.21 7078.73 7623.25 
18 21.1291 38.93 3 2 1 545 4.02172 426.755 853.51 1280.27 1707.02 2133.78 2560.53 2987.29 3414.04 3840.8 4267.55 4694.31 5121.06 5547.82 5974.57 
19 22.147 23.3461 1 2 3 551 5.14121 949.629 1899.26 2848.89 3798.52 4748.15 5697.77 6647.4 7597.03 8546.66 9496.29 10445.9 11395.5 12345.2 13294.8 
20 33.9039 38.276 1 1 3 576 4.14631 323.878 647.756 971.634 1295.51 1619.39 1943.27 2267.15 2591.02 2914.9 3238.78 3562.66 3886.54 4210.41 4534.29 
21 28.4625 29.3409 2 2 3 602 3.30616 388.176 776.353 1164.53 1552.71 1940.88 2329.06 2717.23 3105.41 3493.59 3881.76 4269.94 4658.12 5046.29 5434.47 
22 31.9957 26.4794 2 2 1 588 4.73622 54.8588 109.718 164.576 219.435 274.294 329.153 384.012 438.871 493.729 548.588 603.447 658.306 713.165 768.023 
23 26.3524 25.4766 1 2 3 564 5.66391 335.368 670.736 1006.1 1341.47 1676.84 2012.21 2347.58 2682.95 3018.31 3353.68 3689.05 4024.42 4359.79 4695.15 
24 32.6636 27.0668 3 1 3 439 3.28714 170.299 340.597 510.896 681.194 851.493 1021.79 1192.09 1362.39 1532.69 1702.99 1873.28 2043.58 2213.88 2384.18 
25 23.6886 21.2534 3 2 3 685 5.36196 171.136 342.271 513.407 684.542 855.678 1026.81 1197.95 1369.08 1540.22 1711.36 1882.49 2053.63 2224.76 2395.9 
26 22.4277 33.7562 1 3 3 492 3.59839 202.667 405.334 608.001 810.668 1013.34 1216 1418.67 1621.34 1824 2026.67 2229.34 2432 2634.67 2837.34 
27 30.9097 29.3848 3 1 1 540 5.86616 330.963 661.926 992.889 1323.85 1654.81 1985.78 2316.74 2647.7 2978.67 3309.63 3640.59 3971.56 4302.52 4633.48 
28 34.4999 25.3331 3 1 3 708 4.99931 290.087 580.174 870.262 1160.35 1450.44 1740.52 2030.61 2320.7 2610.79 2900.87 3190.96 3481.05 3771.13 4061.22 
29 34.7643 28.1217 1 2 2 555 3.57518 661.388 1322.78 1984.16 2645.55 3306.94 3968.33 4629.71 5291.1 5952.49 6613.88 7275.27 7936.65 8598.04 9259.43 
