idx xloc yloc reus1 reus2 reus3 nonreus servicetime periodic costs(1--3)
0 26.0617 22.4716 3 2 3 476 2.7142 603.872 1207.74 1811.62 2415.49 3019.36 3623.23 4227.1 4830.98 5434.85 6038.72 
1 38.2143 34.0032 2 3 1 672 3.66218 464.656 929.312 1393.97 1858.62 2323.28 2787.93 3252.59 3717.25 4181.9 4646.56 
2 24.1 33.9546 2 2 3 512 3.96522 803.385 1606.77 2410.16 3213.54 4016.93 4820.31 5623.7 6427.08 7230.47 8033.85 
3 39.5324 23.6091 1 3 1 430 4.60837 412.823 825.645 1238.47 1651.29 2064.11 2476.94 2889.76 3302.58 3715.4 4128.23 
4 26.9414 24.7023 1 1 1 726 4.99025 553.163 1106.33 1659.49 2212.65 2765.81 3318.98 3872.14 4425.3 4978.46 5531.63 
5 36.1848 23.1896 3 1 2 785 4.47991 0 0 0 0 0 0 0 0 0 0 
6 28.3653 31.0506 3 3 3 642 2.82489 95.1787 190.357 285.536 380.715 475.893 571.072 666.251 761.429 856.608 951.787 
7 30.0689 27.0386 2 3 1 456 4.45066 255.63 511.259 766.889 1022.52 1278.15 1533.78 1789.41 2045.04 2300.67 2556.3 
8 22.0091 22.312 1 2 2 552 2.05538 336.901 673.802 1010.7 1347.6 1684.5 2021.41 2358.31 2695.21 3032.11 3369.01 
9 33.2058 37.385 2 2 3 481 3.79107 897.254 1794.51 2691.76 3589.02 4486.27 5383.52 6280.78 7178.03 8075.29 8972.54 
10 28.5634 32.4496 1 2 2 530 2.10024 985.831 1971.66 2957.49 3943.32 4929.15 5914.98 6900.81 7886.64 8872.47 9858.31 
11 20.2372 32.2164 2 1 3 687 3.69098 701.419 1402.84 2104.26 2805.68 3507.09 4208.51 4909.93 5611.35 6312.77 7014.19 
12 36.6631 38.7329 3 1 3 557 3.44685 845.716 1691.43 2537.15 3382.86 4228.58 5074.29 5920.01 6765.73 7611.44 8457.16 
13 30.136 27.5234 3 2 3 608 4.75351 60.6526 121.305 181.958 242.61 303.263 363.916 424.568 485.221 545.873 606.526 
14 21.1022 23.8863 1 1 2 632 2.31658 257.946 515.892 773.838 1031.78 1289.73 1547.68 1805.62 2063.57 2321.51 2579.46 
15 28.6653 35.8673 3 2 2 435 4.19794 375.622 751.244 1126.87 1502.49 1878.11 2253.73 2629.35 3004.98 3380.6 3756.22 
16 20.522 29.9359 2 3 2 587 2.1731 798.508 1597.02 2395.52 3194.03 3992.54 4791.05 5589.56 6388.07 7186.57 7985.08 
17 38.5182 22.2163 3 3 1 426 2.67441 809.826 1619.65 2429.48 3239.3 4049.13 4858.95 5668.78 6478.6 7288.43 8098.26 
18 37.7739 22.806 2 1 2 535 4.84554 427.463 854.927 1282.39 1709.85 2137.32 2564.78 2992.24 3419.71 3847.17 4274.63 
19 38.7672 39.3905 1 1 3 555 4.16894 0 0 0 0 0 0 0 0 0 0 
20 31.8882 28.2413 1 3 3 412 3.73274 589.671 1179.34 1769.01 2358.68 2948.35 3538.02 4127.69 4717.36 5307.04 5896.71 
21 35.328 27.7397 3 3 3 464 3.32848 0 0 0 0 0 0 0 0 0 0 
22 32.2804 35.3085 3 3 1 408 2.43278 733.363 1466.73 2200.09 2933.45 3666.82 4400.18 5133.54 5866.9 6600.27 7333.63 
23 36.71 24.0605 1 1 2 514 4.74387 0 0 0 0 0 0 0 0 0 0 
24 35.5737 28.5256 2 3 1 710 2.05807 431.606 863.212 1294.82 1726.42 2158.03 2589.64 3021.24 3452.85 3884.45 4316.06 
25 20.2665 39.6917 3 1 1 532 2.28231 721.308 1442.62 2163.92 2885.23 3606.54 4327.85 5049.16 5770.47 6491.77 7213.08 
26 28.9717 33.4192 2 3 3 457 3.69918 312.233 624.467 936.7 1248.93 1561.17 1873.4 2185.63 2497.87 2810.1 3122.33 
27 31.4942 28.8907 1 3 2 644 2.46716 55.5002 111 166.501 222.001 277.501 333.001 388.501 444.001 499.502 555.002 
28 28.3918 31.1657 1 3 3 799 4.1865 387.718 775.435 1163.15 1550.87 1938.59 2326.31 2714.02 3101.74 3489.46 3877.18 
29 20.8522 25.3115 1 2 1 547 3.33089 730.116 1460.23 2190.35 2920.46 3650.58 4380.7 5110.81 5840.93 6571.05 7301.16 
30 29.7544 34.1521 1 3 2 749 2.13928 121.818 243.635 365.453 487.271 609.089 730.906 852.724 974.542 1096.36 1218.18 
31 24.9477 26.4651 3 3 3 545 4.01082 728.552 1457.1 2185.66 2914.21 3642.76 4371.31 5099.87 5828.42 6556.97 7285.52 
32 20.1473 23.7024 3 3 1 560 2.43383 797.924 1595.85 2393.77 3191.7 3989.62 4787.54 5585.47 6383.39 7181.32 7979.24 
33 31.1887 33.6845 2 3 3 615 2.13232 891.505 1783.01 2674.52 3566.02 4457.53 5349.03 6240.54 7132.04 8023.55 8915.05 
34 24.1653 21.8124 1 1 2 485 4.113 205.201 410.402 615.603 820.804 1026.01 1231.21 1436.41 1641.61 1846.81 2052.01 
