idx xloc yloc reus1 reus2 reus3 nonreus servicetime periodic costs(1--3)
0 30.5509 20.7645 2 2 2 641 2.42754 805.944 1611.89 2417.83 3223.77 4029.72 4835.66 5641.61 6447.55 7253.49 8059.44 
1 38.0457 34.2314 3 1 2 448 2.42547 200.491 400.982 601.473 801.964 1002.46 1202.95 1403.44 1603.93 1804.42 2004.91 
2 28.3342 37.4327 2 3 3 645 4.64594 756.487 1512.97 2269.46 3025.95 3782.43 4538.92 5295.41 6051.89 6808.38 7564.87 
3 38.6228 29.2722 3 1 2 428 3.34547 309.514 619.027 928.541 1238.05 1547.57 1857.08 2166.6 2476.11 2785.62 3095.14 
4 25.5504 24.3479 1 1 1 479 3.74904 678.453 1356.91 2035.36 2713.81 3392.26 4070.72 4749.17 5427.62 6106.08 6784.53 
5 34.3497 23.0116 3 1 2 792 3.23476 375.835 751.669 1127.5 1503.34 1879.17 2255.01 2630.84 3006.68 3382.51 3758.35 
6 37.5576 31.4318 2 3 3 536 4.6826 50.261 100.522 150.783 201.044 251.305 301.566 351.827 402.088 452.349 502.61 
7 37.7951 37.1067 1 1 2 504 2.16917 548.114 1096.23 1644.34 2192.45 2740.57 3288.68 3836.79 4384.91 4933.02 5481.14 
8 31.3763 21.5837 1 2 2 761 4.27436 728.171 1456.34 2184.51 2912.68 3640.86 4369.03 5097.2 5825.37 6553.54 7281.71 
9 36.9324 22.9698 1 1 1 563 2.79216 0 0 0 0 0 0 0 0 0 0 
10 29.4235 24.4108 1 3 3 655 4.85444 423.435 846.87 1270.3 1693.74 2117.17 2540.61 2964.04 3387.48 3810.91 4234.35 
11 32.7384 23.1357 3 1 3 564 2.33235 750.517 1501.03 2251.55 3002.07 3752.58 4503.1 5253.62 6004.13 6754.65 7505.17 
12 21.511 38.7762 3 3 1 455 3.75717 721.993 1443.99 2165.98 2887.97 3609.97 4331.96 5053.95 5775.95 6497.94 7219.93 
13 25.2154 38.3197 3 3 3 628 2.31083 366.778 733.556 1100.33 1467.11 1833.89 2200.67 2567.45 2934.22 3301 3667.78 
14 26.7387 21.7208 3 1 2 520 2.25367 189.193 378.386 567.579 756.772 945.965 1135.16 1324.35 1513.54 1702.74 1891.93 
15 35.3122 39.5722 2 1 3 600 4.83315 0 0 0 0 0 0 0 0 0 0 
16 35.96 38.1994 1 2 1 590 2.86225 0 0 0 0 0 0 0 0 0 0 
17 33.9562 23.2591 1 3 3 738 2.1768 412.812 825.624 1238.44 1651.25 2064.06 2476.87 2889.68 3302.5 3715.31 4128.12 
18 22.164 25.5375 2 1 2 762 2.98241 80.0533 160.107 240.16 320.213 400.267 480.32 560.373 640.427 720.48 800.533 
19 24.1653 33.4179 1 3 2 685 4.61894 849.575 1699.15 2548.73 3398.3 4247.88 5097.45 5947.03 6796.6 7646.18 8495.75 
20 32.1633 20.9557 2 2 3 697 2.2644 658.733 1317.47 1976.2 2634.93 3293.67 3952.4 4611.13 5269.86 5928.6 6587.33 
21 38.0608 25.1829 2 3 3 756 2.41503 448.037 896.074 1344.11 1792.15 2240.19 2688.22 3136.26 3584.3 4032.33 4480.37 
22 38.1626 27.0058 3 1 3 403 3.71925 193.549 387.097 580.646 774.195 967.743 1161.29 1354.84 1548.39 1741.94 1935.49 
23 26.6445 33.6997 3 3 2 581 4.82616 0 0 0 0 0 0 0 0 0 0 
24 20.9259 35.9224 1 2 3 431 4.67757 622.44 1244.88 1867.32 2489.76 3112.2 3734.64 4357.08 4979.52 5601.96 6224.4 
25 26.5851 35.1721 3 2 2 623 3.69103 764.939 1529.88 2294.82 3059.75 3824.69 4589.63 5354.57 6119.51 6884.45 7649.39 
26 33.6584 37.456 3 1 1 666 2.17128 0 0 0 0 0 0 0 0 0 0 
27 25.5187 32.8303 2 2 2 640 2.70064 0 0 0 0 0 0 0 0 0 0 
28 30.6067 24.934 2 2 3 605 4.18789 460.859 921.717 1382.58 1843.43 2304.29 2765.15 3226.01 3686.87 4147.73 4608.59 
29 20.7312 36.9478 2 3 3 765 3.47563 0 0 0 0 0 0 0 0 0 0 
30 24.3918 26.754 3 2 2 563 3.61719 431.406 862.811 1294.22 1725.62 2157.03 2588.43 3019.84 3451.25 3882.65 4314.06 
31 31.5252 30.629 1 1 2 508 3.00807 277.812 555.623 833.435 1111.25 1389.06 1666.87 1944.68 2222.49 2500.3 2778.12 
32 39.1548 21.9174 3 1 1 799 3.82711 799.31 1598.62 2397.93 3197.24 3996.55 4795.86 5595.17 6394.48 7193.79 7993.1 
33 22.3269 28.1513 2 3 2 667 2.42792 677.51 1355.02 2032.53 2710.04 3387.55 4065.06 4742.57 5420.08 6097.59 6775.1 
34 37.5483 33.8674 3 3 3 778 2.22946 914.475 1828.95 2743.42 3657.9 4572.37 5486.85 6401.32 7315.8 8230.27 9144.75 
