idx xloc yloc reus1 reus2 reus3 nonreus servicetime periodic costs(1--3)
0 28.9957 37.1568 2 3 2 606 4.10931 599.579 1199.16 1798.74 2398.32 2997.9 3597.48 4197.06 4796.64 5396.22 5995.79 
1 39.213 39.573 2 1 2 482 2.60032 838.131 1676.26 2514.39 3352.53 4190.66 5028.79 5866.92 6705.05 7543.18 8381.31 
2 32.0518 22.2729 3 3 2 465 3.0127 0 0 0 0 0 0 0 0 0 0 
3 28.8158 37.0621 2 2 1 640 2.40475 0 0 0 0 0 0 0 0 0 0 
4 20.2816 31.4351 2 1 1 408 4.96221 803.381 1606.76 2410.14 3213.52 4016.9 4820.29 5623.67 6427.05 7230.43 8033.81 
5 36.4526 39.7186 3 3 1 414 4.86712 834.753 1669.51 2504.26 3339.01 4173.77 5008.52 5843.27 6678.03 7512.78 8347.53 
6 20.1596 30.0685 1 2 2 597 3.92526 506.63 1013.26 1519.89 2026.52 2533.15 3039.78 3546.41 4053.04 4559.67 5066.3 
7 37.3221 21.8688 2 1 2 676 2.49508 666.37 1332.74 1999.11 2665.48 3331.85 3998.22 4664.59 5330.96 5997.33 6663.7 
8 21.3948 25.1805 1 1 2 409 2.1514 911.926 1823.85 2735.78 3647.7 4559.63 5471.55 6383.48 7295.41 8207.33 9119.26 
9 38.9371 20.8674 3 2 3 689 3.01777 53.8002 107.6 161.401 215.201 269.001 322.801 376.601 430.402 484.202 538.002 
10 33.3555 25.8773 1 3 2 413 4.997 215.038 430.075 645.113 860.151 1075.19 1290.23 1505.26 1720.3 1935.34 2150.38 
11 32.286 29.7266 2 2 3 644 3.86257 881.163 1762.33 2643.49 3524.65 4405.81 5286.98 6168.14 7049.3 7930.46 8811.63 
12 34.341 22.3017 2 1 3 745 4.52948 451.14 902.28 1353.42 1804.56 2255.7 2706.84 3157.98 3609.12 4060.26 4511.4 
13 25.3037 34.339 3 3 2 555 2.25583 0 0 0 0 0 0 0 0 0 0 
14 24.4958 25.3441 1 3 3 598 2.68656 238.775 477.55 716.324 955.099 1193.87 1432.65 1671.42 1910.2 2148.97 2387.75 
15 23.2388 24.4234 3 2 2 424 3.14404 244.699 489.399 734.098 978.798 1223.5 1468.2 1712.9 1957.6 2202.29 2446.99 
16 22.7807 23.0673 3 1 1 444 4.86668 792.537 1585.07 2377.61 3170.15 3962.69 4755.22 5547.76 6340.3 7132.83 7925.37 
17 33.6739 22.2169 3 2 1 454 3.14336 983.63 1967.26 2950.89 3934.52 4918.15 5901.78 6885.41 7869.04 8852.67 9836.3 
18 38.6423 23.8668 1 2 2 563 4.17529 356.123 712.247 1068.37 1424.49 1780.62 2136.74 2492.86 2848.99 3205.11 3561.23 
19 22.8688 26.1364 3 1 2 752 3.12809 427.914 855.827 1283.74 1711.65 2139.57 2567.48 2995.4 3423.31 3851.22 4279.14 
20 28.3603 31.0153 2 3 3 710 4.56577 174.715 349.43 524.144 698.859 873.574 1048.29 1223 1397.72 1572.43 1747.15 
21 22.0021 30.7285 2 3 3 445 2.72527 0 0 0 0 0 0 0 0 0 0 
22 31.1631 25.2089 3 1 3 634 4.32343 665.618 1331.24 1996.85 2662.47 3328.09 3993.71 4659.33 5324.94 5990.56 6656.18 
23 37.4826 21.0421 2 3 3 618 3.56925 200.507 401.015 601.522 802.03 1002.54 1203.04 1403.55 1604.06 1804.57 2005.07 
24 29.3666 20.9317 1 2 1 791 3.12907 635.488 1270.98 1906.46 2541.95 3177.44 3812.93 4448.41 5083.9 5719.39 6354.88 
25 36.0504 20.3853 3 2 2 438 2.75293 308.957 617.915 926.872 1235.83 1544.79 1853.74 2162.7 2471.66 2780.62 3089.57 
26 33.997 25.4719 2 1 2 763 3.11965 999.982 1999.96 2999.95 3999.93 4999.91 5999.89 6999.87 7999.86 8999.84 9999.82 
27 33.0032 28.4784 1 3 1 626 4.44696 816.6 1633.2 2449.8 3266.4 4083 4899.6 5716.2 6532.8 7349.4 8166 
28 29.0728 23.443 1 1 1 411 2.83494 707.049 1414.1 2121.15 2828.19 3535.24 4242.29 4949.34 5656.39 6363.44 7070.49 
29 39.4856 28.5222 3 2 3 430 4.62243 888.04 1776.08 2664.12 3552.16 4440.2 5328.24 6216.28 7104.32 7992.36 8880.4 
30 35.062 29.1676 2 3 2 757 4.09079 135.824 271.648 407.471 543.295 679.119 814.943 950.766 1086.59 1222.41 1358.24 
31 27.885 36.8368 1 1 1 433 3.63883 363.739 727.479 1091.22 1454.96 1818.7 2182.44 2546.18 2909.92 3273.66 3637.39 
32 35.7509 24.8894 1 3 2 404 3.49852 610.748 1221.5 1832.24 2442.99 3053.74 3664.49 4275.24 4885.99 5496.73 6107.48 
33 35.4266 32.3522 3 1 2 514 2.03034 323.539 647.078 970.616 1294.16 1617.69 1941.23 2264.77 2588.31 2911.85 3235.39 
34 22.9732 21.7538 2 3 3 792 3.66452 900.459 1800.92 2701.38 3601.84 4502.3 5402.76 6303.22 7203.67 8104.13 9004.59 
