idx xloc yloc reus1 reus2 reus3 nonreus servicetime periodic costs(1--3)
0 32.9535 38.7563 2 1 1 530 2.53939 992.497 1984.99 2977.49 3969.99 4962.49 5954.98 6947.48 7939.98 8932.48 
1 27.4654 35.2041 2 2 2 483 3.7979 0 0 0 0 0 0 0 0 0 
2 31.4492 38.4526 2 3 2 701 3.84644 773.789 1547.58 2321.37 3095.16 3868.95 4642.74 5416.53 6190.31 6964.1 
3 26.4741 36.5498 2 1 2 639 2.13416 529.606 1059.21 1588.82 2118.42 2648.03 3177.64 3707.24 4236.85 4766.45 
4 38.9962 30.164 2 2 3 411 3.75141 755.607 1511.21 2266.82 3022.43 3778.04 4533.64 5289.25 6044.86 6800.46 
5 20.2043 35.7426 3 2 3 543 4.58343 209.621 419.241 628.862 838.483 1048.1 1257.72 1467.34 1676.97 1886.59 
6 23.8038 20.3123 2 1 3 609 4.12854 0 0 0 0 0 0 0 0 0 
7 32.8183 27.145 3 2 1 668 2.31185 328.572 657.143 985.715 1314.29 1642.86 1971.43 2300 2628.57 2957.15 
8 30.0281 21.6091 1 1 2 777 2.14804 442.858 885.716 1328.57 1771.43 2214.29 2657.15 3100.01 3542.86 3985.72 
9 24.9371 21.217 3 2 1 581 2.95763 907.336 1814.67 2722.01 3629.34 4536.68 5444.01 6351.35 7258.68 8166.02 
10 38.6985 24.0018 1 1 2 426 3.52043 660.202 1320.4 1980.6 2640.81 3301.01 3961.21 4621.41 5281.61 5941.81 
11 32.0655 36.1105 1 2 1 611 2.2328 792.491 1584.98 2377.47 3169.96 3962.46 4754.95 5547.44 6339.93 7132.42 
12 20.0059 24.3123 3 1 3 462 4.33591 615.382 1230.76 1846.15 2461.53 3076.91 3692.29 4307.68 4923.06 5538.44 
13 29.2169 32.5977 2 2 3 788 4.97297 0 0 0 0 0 0 0 0 0 
14 36.9252 20.4306 1 3 2 798 4.51547 67.1964 134.393 201.589 268.786 335.982 403.178 470.375 537.571 604.768 
15 36.8819 29.3996 3 3 1 473 3.17432 845.291 1690.58 2535.87 3381.17 4226.46 5071.75 5917.04 6762.33 7607.62 
16 30.8821 37.0848 3 3 3 674 3.22011 721.946 1443.89 2165.84 2887.78 3609.73 4331.67 5053.62 5775.57 6497.51 
17 23.1315 25.2625 2 1 1 645 3.57386 845.207 1690.41 2535.62 3380.83 4226.04 5071.24 5916.45 6761.66 7606.87 
18 20.8884 23.7218 2 2 1 746 4.25887 733.286 1466.57 2199.86 2933.14 3666.43 4399.71 5133 5866.29 6599.57 
19 31.379 25.4328 2 2 1 566 2.15318 0 0 0 0 0 0 0 0 0 
20 31.922 37.849 2 2 1 620 3.89834 872.332 1744.66 2617 3489.33 4361.66 5233.99 6106.33 6978.66 7850.99 
21 37.3598 21.9428 1 3 3 800 3.03417 205.963 411.927 617.89 823.853 1029.82 1235.78 1441.74 1647.71 1853.67 
22 23.5492 27.4174 2 3 3 558 3.71121 256.301 512.603 768.904 1025.21 1281.51 1537.81 1794.11 2050.41 2306.71 
23 20.6536 21.4631 1 2 3 527 2.18625 654.377 1308.75 1963.13 2617.51 3271.89 3926.26 4580.64 5235.02 5889.39 
24 26.6285 26.0336 1 3 2 778 4.1284 675.425 1350.85 2026.28 2701.7 3377.13 4052.55 4727.98 5403.4 6078.83 
25 23.8978 24.7606 2 1 1 430 2.94442 0 0 0 0 0 0 0 0 0 
26 34.294 36.1942 3 2 3 726 3.52082 741.039 1482.08 2223.12 2964.16 3705.2 4446.23 5187.27 5928.31 6669.35 
27 30.5037 26.4206 3 2 3 475 2.13286 0 0 0 0 0 0 0 0 0 
28 21.6301 28.2859 3 2 3 789 4.26132 399.974 799.948 1199.92 1599.9 1999.87 2399.84 2799.82 3199.79 3599.76 
29 39.7257 20.976 2 1 2 751 2.11206 0 0 0 0 0 0 0 0 0 
30 38.7829 38.3847 1 3 1 626 2.58333 0 0 0 0 0 0 0 0 0 
31 30.9914 31.2109 2 1 1 474 3.11372 764.437 1528.87 2293.31 3057.75 3822.18 4586.62 5351.06 6115.49 6879.93 
