idx xloc yloc reus1 reus2 reus3 nonreus servicetime periodic costs(1--3)
0 21.8248 37.6577 2 1 2 605 2.57466 612.319 1224.64 1836.96 2449.28 3061.6 3673.92 4286.24 4898.56 5510.87 
1 25.8205 27.939 1 2 1 494 3.87582 711.261 1422.52 2133.78 2845.04 3556.31 4267.57 4978.83 5690.09 6401.35 
2 38.8578 26.5732 1 2 2 668 3.59437 853.909 1707.82 2561.73 3415.64 4269.54 5123.45 5977.36 6831.27 7685.18 
3 22.5239 22.944 3 2 3 765 3.62141 762.971 1525.94 2288.91 3051.88 3814.86 4577.83 5340.8 6103.77 6866.74 
4 39.0815 23.4634 1 2 3 577 2.90778 0 0 0 0 0 0 0 0 0 
5 39.1221 32.9924 1 1 2 720 3.70175 52.1154 104.231 156.346 208.461 260.577 312.692 364.808 416.923 469.038 
6 22.1046 36.3782 2 1 1 523 4.75597 0 0 0 0 0 0 0 0 0 
7 24.8142 21.8478 2 3 2 625 4.23063 731.305 1462.61 2193.91 2925.22 3656.52 4387.83 5119.13 5850.44 6581.74 
8 30.3896 32.7317 3 2 1 603 3.59718 0 0 0 0 0 0 0 0 0 
9 24.1043 36.7294 1 3 1 696 2.34327 143.121 286.241 429.362 572.483 715.603 858.724 1001.84 1144.97 1288.09 
10 24.5542 35.858 1 2 3 596 3.57737 0 0 0 0 0 0 0 0 0 
11 36.8819 23.8374 3 2 3 656 2.89062 946.711 1893.42 2840.13 3786.84 4733.55 5680.26 6626.98 7573.69 8520.4 
12 25.7005 31.2216 2 1 1 614 4.0459 906.954 1813.91 2720.86 3627.82 4534.77 5441.73 6348.68 7255.64 8162.59 
13 30.9201 35.6459 3 2 1 753 3.64434 679.806 1359.61 2039.42 2719.22 3399.03 4078.84 4758.64 5438.45 6118.25 
14 39.8307 26.4445 3 3 1 771 4.14588 484.822 969.643 1454.47 1939.29 2424.11 2908.93 3393.75 3878.57 4363.4 
15 30.5426 39.8765 2 2 1 519 2.49699 0 0 0 0 0 0 0 0 0 
16 29.0185 24.8041 3 1 2 442 3.44665 0 0 0 0 0 0 0 0 0 
17 29.3126 28.7389 3 1 2 589 3.12263 0 0 0 0 0 0 0 0 0 
18 29.0949 38.728 3 1 3 657 2.94553 921.587 1843.17 2764.76 3686.35 4607.93 5529.52 6451.11 7372.69 8294.28 
19 23.4274 31.6124 1 3 2 770 3.67502 159.65 319.301 478.951 638.602 798.252 957.902 1117.55 1277.2 1436.85 
20 30.8086 33.3578 1 1 2 601 4.94328 898.329 1796.66 2694.99 3593.32 4491.64 5389.97 6288.3 7186.63 8084.96 
21 34.7471 26.8933 3 3 1 745 2.7358 0 0 0 0 0 0 0 0 0 
22 38.8309 33.3077 2 2 2 425 2.81469 808.691 1617.38 2426.07 3234.77 4043.46 4852.15 5660.84 6469.53 7278.22 
23 36.4389 30.3586 2 1 1 551 3.65696 639.35 1278.7 1918.05 2557.4 3196.75 3836.1 4475.45 5114.8 5754.15 
24 29.219 26.8161 1 2 3 698 3.10612 59.6077 119.215 178.823 238.431 298.039 357.646 417.254 476.862 536.469 
25 24.1615 29.8559 1 2 2 475 2.17434 464.578 929.156 1393.73 1858.31 2322.89 2787.47 3252.05 3716.62 4181.2 
26 35.1247 22.5923 1 3 2 435 4.30094 624.79 1249.58 1874.37 2499.16 3123.95 3748.74 4373.53 4998.32 5623.11 
27 22.2554 34.5575 1 3 1 405 4.46224 0 0 0 0 0 0 0 0 0 
28 27.6992 26.8029 1 1 3 502 3.08032 621.507 1243.01 1864.52 2486.03 3107.53 3729.04 4350.55 4972.05 5593.56 
29 31.2303 34.7456 2 2 1 520 4.27709 0 0 0 0 0 0 0 0 0 
30 36.5281 20.8719 2 1 1 672 2.47357 559.271 1118.54 1677.81 2237.08 2796.35 3355.63 3914.9 4474.17 5033.44 
31 39.7693 22.689 1 2 1 677 2.1095 579.456 1158.91 1738.37 2317.83 2897.28 3476.74 4056.2 4635.65 5215.11 
