idx xloc yloc reus1 reus2 reus3 nonreus servicetime periodic costs(1--3)
0 36.7641 20.8474 3 3 1 670 4.96726 72.6376 145.275 217.913 290.55 363.188 435.825 508.463 581.1 653.738 
1 20.9736 35.3414 1 3 1 673 2.5284 765.862 1531.72 2297.59 3063.45 3829.31 4595.17 5361.03 6126.9 6892.76 
2 32.6656 21.0925 2 2 2 479 4.28319 116.914 233.827 350.741 467.655 584.568 701.482 818.395 935.309 1052.22 
3 20.4973 36.4905 3 2 3 675 2.96244 0 0 0 0 0 0 0 0 0 
4 22.3342 26.7212 2 3 3 611 2.80668 107.569 215.137 322.706 430.274 537.843 645.411 752.98 860.549 968.117 
5 23.6877 35.7998 3 1 3 513 4.44541 873.134 1746.27 2619.4 3492.54 4365.67 5238.8 6111.94 6985.07 7858.21 
6 37.6281 32.5406 3 1 2 405 4.02484 475.422 950.844 1426.27 1901.69 2377.11 2852.53 3327.95 3803.37 4278.8 
7 25.8634 34.0854 1 1 1 556 3.10725 0 0 0 0 0 0 0 0 0 
8 28.053 22.9503 2 3 1 706 4.62841 889.187 1778.37 2667.56 3556.75 4445.93 5335.12 6224.31 7113.49 8002.68 
9 38.2639 32.2982 1 1 3 519 3.13087 935.323 1870.65 2805.97 3741.29 4676.62 5611.94 6547.26 7482.59 8417.91 
10 28.6937 29.8775 3 3 1 518 4.12038 914.107 1828.21 2742.32 3656.43 4570.53 5484.64 6398.75 7312.85 8226.96 
11 36.0225 24.0213 2 1 1 563 3.42687 466.718 933.437 1400.16 1866.87 2333.59 2800.31 3267.03 3733.75 4200.47 
12 39.766 22.3568 1 3 3 454 3.52878 490.366 980.732 1471.1 1961.46 2451.83 2942.2 3432.56 3922.93 4413.29 
13 32.0246 30.79 3 3 2 407 3.5398 0 0 0 0 0 0 0 0 0 
14 30.6776 23.2873 3 2 2 439 3.93347 403.148 806.296 1209.44 1612.59 2015.74 2418.89 2822.04 3225.19 3628.33 
15 35.0457 39.6877 2 3 2 598 2.41375 0 0 0 0 0 0 0 0 0 
16 25.2087 26.3832 1 3 2 540 2.94494 479.579 959.157 1438.74 1918.31 2397.89 2877.47 3357.05 3836.63 4316.21 
17 30.6304 25.4693 1 1 3 663 3.90761 239.605 479.209 718.814 958.418 1198.02 1437.63 1677.23 1916.84 2156.44 
18 39.4271 33.6461 2 2 2 676 2.96213 627.357 1254.71 1882.07 2509.43 3136.78 3764.14 4391.5 5018.85 5646.21 
19 21.0062 38.7903 2 3 2 584 4.58818 117.278 234.556 351.834 469.113 586.391 703.669 820.947 938.225 1055.5 
20 30.6618 39.6891 2 1 3 565 3.01408 348.178 696.356 1044.53 1392.71 1740.89 2089.07 2437.24 2785.42 3133.6 
21 38.1273 36.1092 1 1 2 491 3.80391 115.646 231.293 346.939 462.585 578.232 693.878 809.524 925.171 1040.82 
22 31.1443 27.7616 1 3 1 576 3.82488 0 0 0 0 0 0 0 0 0 
23 32.2918 24.64 2 2 1 564 3.30092 443.441 886.881 1330.32 1773.76 2217.2 2660.64 3104.08 3547.53 3990.97 
24 20.4021 39.5293 3 2 1 771 3.06669 676.667 1353.33 2030 2706.67 3383.34 4060 4736.67 5413.34 6090.01 
25 33.9888 39.4759 2 1 3 444 2.35408 743.792 1487.58 2231.38 2975.17 3718.96 4462.75 5206.54 5950.33 6694.13 
26 36.7181 32.1312 1 2 2 789 4.1167 893.307 1786.61 2679.92 3573.23 4466.54 5359.84 6253.15 7146.46 8039.76 
27 31.189 32.7037 3 1 2 651 2.80392 990.186 1980.37 2970.56 3960.74 4950.93 5941.12 6931.3 7921.49 8911.67 
28 33.2418 35.1786 3 1 1 536 3.28037 214.169 428.337 642.506 856.674 1070.84 1285.01 1499.18 1713.35 1927.52 
29 24.4931 28.8599 3 3 1 770 4.81612 778.18 1556.36 2334.54 3112.72 3890.9 4669.08 5447.26 6225.44 7003.62 
30 21.3501 31.1227 2 3 3 582 3.41198 0 0 0 0 0 0 0 0 0 
31 23.9712 30.6509 1 3 3 440 2.5791 0 0 0 0 0 0 0 0 0 
