idx xloc yloc reus1 reus2 reus3 nonreus servicetime periodic costs(1--3)
0 36.9449 31.6119 3 3 1 688 2.75008 138.852 277.705 416.557 555.409 694.262 833.114 971.966 1110.82 1249.67 1388.52 
1 24.2453 22.036 2 2 1 580 2.32656 361.934 723.867 1085.8 1447.73 1809.67 2171.6 2533.54 2895.47 3257.4 3619.34 
2 37.5655 39.121 1 2 1 589 4.87962 124.829 249.658 374.487 499.316 624.145 748.973 873.802 998.631 1123.46 1248.29 
3 31.7939 37.0917 3 3 2 524 4.85424 877.257 1754.51 2631.77 3509.03 4386.29 5263.54 6140.8 7018.06 7895.32 8772.57 
4 26.5839 32.9824 3 1 1 548 3.48315 684.327 1368.65 2052.98 2737.31 3421.64 4105.96 4790.29 5474.62 6158.95 6843.27 
5 36.0249 34.9283 2 2 1 460 3.66064 812.986 1625.97 2438.96 3251.95 4064.93 4877.92 5690.9 6503.89 7316.88 8129.86 
6 36.8014 33.6167 1 1 3 434 2.95032 858.14 1716.28 2574.42 3432.56 4290.7 5148.84 6006.98 6865.12 7723.26 8581.4 
7 36.8131 34.9363 3 1 2 679 2.62498 935.707 1871.41 2807.12 3742.83 4678.53 5614.24 6549.95 7485.66 8421.36 9357.07 
8 34.2668 27.3747 1 3 1 677 4.63745 303.149 606.297 909.446 1212.59 1515.74 1818.89 2122.04 2425.19 2728.34 3031.49 
9 32.3017 27.2369 3 3 2 470 3.34262 892.473 1784.95 2677.42 3569.89 4462.36 5354.84 6247.31 7139.78 8032.25 8924.73 
10 23.6392 38.5604 1 2 1 754 3.47063 982.783 1965.57 2948.35 3931.13 4913.91 5896.7 6879.48 7862.26 8845.05 9827.83 
11 28.8819 20.0278 3 3 3 744 2.48855 490.174 980.348 1470.52 1960.7 2450.87 2941.04 3431.22 3921.39 4411.57 4901.74 
12 25.0013 38.8802 3 2 2 613 3.61782 0 0 0 0 0 0 0 0 0 0 
13 20.4289 34.2194 2 1 3 552 4.05245 556.001 1112 1668 2224.01 2780.01 3336.01 3892.01 4448.01 5004.01 5560.01 
14 33.6541 26.0694 1 2 3 722 2.36288 747.049 1494.1 2241.15 2988.2 3735.24 4482.29 5229.34 5976.39 6723.44 7470.49 
15 35.9236 27.2143 2 3 1 785 2.395 922.804 1845.61 2768.41 3691.21 4614.02 5536.82 6459.63 7382.43 8305.23 9228.04 
16 32.2185 32.4934 3 1 3 407 3.44788 671.97 1343.94 2015.91 2687.88 3359.85 4031.82 4703.79 5375.76 6047.73 6719.7 
17 33.328 30.0713 1 3 1 527 2.06498 443.558 887.116 1330.67 1774.23 2217.79 2661.35 3104.9 3548.46 3992.02 4435.58 
18 29.9872 20.7866 3 1 3 751 2.32402 668.684 1337.37 2006.05 2674.74 3343.42 4012.1 4680.79 5349.47 6018.15 6686.84 
19 30.496 31.2095 2 1 3 459 3.84418 697.583 1395.17 2092.75 2790.33 3487.91 4185.5 4883.08 5580.66 6278.24 6975.83 
20 28.291 37.5262 2 3 1 755 3.8722 0 0 0 0 0 0 0 0 0 0 
21 22.9862 28.684 2 2 3 750 4.73966 766.15 1532.3 2298.45 3064.6 3830.75 4596.9 5363.05 6129.2 6895.35 7661.5 
22 22.2226 31.7585 3 1 2 634 3.96183 182.517 365.034 547.552 730.069 912.586 1095.1 1277.62 1460.14 1642.65 1825.17 
23 34.222 36.0253 2 1 3 443 4.14578 760.841 1521.68 2282.52 3043.36 3804.2 4565.04 5325.89 6086.73 6847.57 7608.41 
24 29.721 24.2555 1 1 2 450 4.88929 0 0 0 0 0 0 0 0 0 0 
25 24.1448 35.6127 1 1 1 514 4.8177 0 0 0 0 0 0 0 0 0 0 
26 32.9085 32.0851 3 1 2 563 3.23329 0 0 0 0 0 0 0 0 0 0 
27 32.0304 25.8232 3 1 1 524 2.00057 967.657 1935.31 2902.97 3870.63 4838.28 5805.94 6773.6 7741.25 8708.91 9676.57 
28 20.9802 38.1578 3 3 3 539 3.35193 860.964 1721.93 2582.89 3443.86 4304.82 5165.79 6026.75 6887.71 7748.68 8609.64 
29 30.3532 33.0577 1 1 1 770 2.64476 325.757 651.515 977.272 1303.03 1628.79 1954.54 2280.3 2606.06 2931.82 3257.57 
30 37.0815 33.2377 2 1 2 679 2.99045 344.814 689.627 1034.44 1379.25 1724.07 2068.88 2413.7 2758.51 3103.32 3448.14 
31 26.5378 35.5265 1 2 3 722 4.29948 0 0 0 0 0 0 0 0 0 0 
32 31.0781 24.0712 2 2 1 519 3.81752 403.24 806.479 1209.72 1612.96 2016.2 2419.44 2822.68 3225.92 3629.16 4032.4 
33 31.2607 24.3768 3 2 2 694 3.27202 796.837 1593.67 2390.51 3187.35 3984.18 4781.02 5577.86 6374.7 7171.53 7968.37 
34 25.1842 33.1299 2 2 3 704 3.58842 406.98 813.96 1220.94 1627.92 2034.9 2441.88 2848.86 3255.84 3662.82 4069.8 
35 20.3298 32.2525 1 3 2 593 2.21287 0 0 0 0 0 0 0 0 0 0 
36 31.8444 31.6704 2 1 2 749 3.81577 317.854 635.708 953.561 1271.42 1589.27 1907.12 2224.98 2542.83 2860.68 3178.54 
37 26.4727 24.9374 1 2 3 527 4.51244 0 0 0 0 0 0 0 0 0 0 
38 36.2916 22.7606 2 2 3 437 4.72281 772.034 1544.07 2316.1 3088.13 3860.17 4632.2 5404.24 6176.27 6948.3 7720.34 
39 25.0625 36.9257 1 3 2 605 3.89164 625.399 1250.8 1876.2 2501.59 3126.99 3752.39 4377.79 5003.19 5628.59 6253.99 
40 25.612 39.3018 1 3 2 750 2.59225 461.595 923.189 1384.78 1846.38 2307.97 2769.57 3231.16 3692.76 4154.35 4615.95 
