idx xloc yloc reus1 reus2 reus3 nonreus servicetime periodic costs(1--3)
0 29.5534 31.2334 1 2 1 634 4.43132 364.031 728.061 1092.09 1456.12 1820.15 2184.18 2548.21 2912.24 3276.27 3640.31 
1 21.9399 35.8173 1 1 3 547 3.44898 959.186 1918.37 2877.56 3836.74 4795.93 5755.12 6714.3 7673.49 8632.67 9591.86 
2 23.4031 36.3025 3 1 3 417 2.87962 0 0 0 0 0 0 0 0 0 0 
3 26.896 24.97 1 2 1 449 2.29961 528.671 1057.34 1586.01 2114.68 2643.36 3172.03 3700.7 4229.37 4758.04 5286.71 
4 34.4503 28.6652 1 2 1 520 3.16184 489.114 978.229 1467.34 1956.46 2445.57 2934.69 3423.8 3912.92 4402.03 4891.14 
5 33.4541 33.0057 1 3 1 462 2.65133 446.988 893.976 1340.96 1787.95 2234.94 2681.93 3128.92 3575.9 4022.89 4469.88 
6 34.8154 31.0136 1 2 3 474 3.43641 694.073 1388.15 2082.22 2776.29 3470.37 4164.44 4858.51 5552.58 6246.66 6940.73 
7 20.9027 20.5598 2 1 1 613 2.42787 685.61 1371.22 2056.83 2742.44 3428.05 4113.66 4799.27 5484.88 6170.49 6856.1 
8 32.9037 24.827 2 1 2 483 3.09676 513.208 1026.42 1539.62 2052.83 2566.04 3079.25 3592.46 4105.66 4618.87 5132.08 
9 23.9962 36.8419 1 2 3 471 4.19936 0 0 0 0 0 0 0 0 0 0 
10 25.5304 23.561 2 2 2 533 2.25156 477.595 955.189 1432.78 1910.38 2387.97 2865.57 3343.16 3820.76 4298.35 4775.95 
11 39.5065 22.5529 1 2 2 787 3.91234 0 0 0 0 0 0 0 0 0 0 
12 23.9486 27.6012 1 3 2 558 3.11593 631.688 1263.38 1895.07 2526.75 3158.44 3790.13 4421.82 5053.51 5685.2 6316.88 
13 30.737 33.9231 3 1 2 602 2.33868 85.0145 170.029 255.043 340.058 425.072 510.087 595.101 680.116 765.13 850.145 
14 34.9814 22.8817 2 2 2 415 2.96118 926.767 1853.53 2780.3 3707.07 4633.83 5560.6 6487.37 7414.13 8340.9 9267.67 
15 28.2175 32.5556 2 2 1 623 3.98882 659.135 1318.27 1977.4 2636.54 3295.67 3954.81 4613.94 5273.08 5932.21 6591.35 
16 29.1761 35.0085 1 3 3 794 2.2694 468.295 936.59 1404.89 1873.18 2341.48 2809.77 3278.07 3746.36 4214.66 4682.95 
17 21.4118 22.9959 2 1 3 694 4.83671 0 0 0 0 0 0 0 0 0 0 
18 38.1678 29.8564 1 2 3 423 2.98689 309.87 619.74 929.61 1239.48 1549.35 1859.22 2169.09 2478.96 2788.83 3098.7 
19 27.1517 28.9587 3 1 2 425 4.09679 196.499 392.997 589.496 785.995 982.494 1178.99 1375.49 1571.99 1768.49 1964.99 
20 34.8704 29.3772 1 2 2 479 4.52738 958.737 1917.47 2876.21 3834.95 4793.69 5752.42 6711.16 7669.9 8628.63 9587.37 
21 20.184 27.6338 2 1 1 466 2.4863 794.111 1588.22 2382.33 3176.45 3970.56 4764.67 5558.78 6352.89 7147 7941.11 
22 34.0544 26.6743 2 1 2 702 4.49625 0 0 0 0 0 0 0 0 0 0 
23 31.6725 21.5578 3 2 1 416 4.97653 209.319 418.637 627.956 837.274 1046.59 1255.91 1465.23 1674.55 1883.87 2093.19 
24 37.5885 30.7591 2 2 2 485 4.94049 850.019 1700.04 2550.06 3400.07 4250.09 5100.11 5950.13 6800.15 7650.17 8500.19 
25 21.2913 34.4822 1 2 3 526 3.21261 462.781 925.563 1388.34 1851.13 2313.91 2776.69 3239.47 3702.25 4165.03 4627.81 
26 21.121 38.2341 1 2 3 499 2.94532 570.218 1140.44 1710.66 2280.87 2851.09 3421.31 3991.53 4561.75 5131.97 5702.18 
27 21.7146 31.3945 3 2 3 487 3.42912 793.884 1587.77 2381.65 3175.54 3969.42 4763.3 5557.19 6351.07 7144.95 7938.84 
28 31.2694 30.2406 1 3 1 590 2.59533 606.289 1212.58 1818.87 2425.16 3031.45 3637.73 4244.02 4850.31 5456.6 6062.89 
29 34.2724 31.9088 3 2 3 410 4.29096 310.111 620.222 930.333 1240.44 1550.56 1860.67 2170.78 2480.89 2791 3101.11 
30 38.9486 32.5757 2 2 1 420 2.08168 0 0 0 0 0 0 0 0 0 0 
31 27.1322 33.6477 2 3 1 727 4.22375 992.311 1984.62 2976.93 3969.24 4961.55 5953.86 6946.18 7938.49 8930.8 9923.11 
32 27.5881 31.98 2 3 1 698 4.67578 726.018 1452.04 2178.05 2904.07 3630.09 4356.11 5082.12 5808.14 6534.16 7260.18 
33 25.9786 29.5186 1 3 3 666 2.56543 0 0 0 0 0 0 0 0 0 0 
34 27.5322 31.419 3 1 2 780 2.18021 498.448 996.895 1495.34 1993.79 2492.24 2990.69 3489.13 3987.58 4486.03 4984.48 
35 25.1783 34.7149 2 3 2 476 4.24542 321.867 643.734 965.601 1287.47 1609.34 1931.2 2253.07 2574.94 2896.8 3218.67 
36 25.8729 22.9374 1 2 3 667 4.40076 340.182 680.364 1020.55 1360.73 1700.91 2041.09 2381.27 2721.46 3061.64 3401.82 
37 39.1855 24.0629 2 2 1 687 2.06714 838.219 1676.44 2514.66 3352.88 4191.09 5029.31 5867.53 6705.75 7543.97 8382.19 
38 23.0792 34.9541 2 1 3 727 4.77204 0 0 0 0 0 0 0 0 0 0 
39 21.3314 39.5279 3 3 1 774 2.24809 355.212 710.425 1065.64 1420.85 1776.06 2131.27 2486.49 2841.7 3196.91 3552.12 
40 21.0911 24.8876 3 3 2 415 2.16732 759.876 1519.75 2279.63 3039.5 3799.38 4559.25 5319.13 6079.01 6838.88 7598.76 
