idx xloc yloc reus1 reus2 reus3 nonreus servicetime periodic costs(1--3)
0 24.0484 37.3783 1 2 2 662 4.64994 491.902 983.803 1475.7 
1 27.8935 31.4047 1 2 1 789 3.24144 218.906 437.812 656.718 
2 24.461 22.6868 3 2 3 597 2.43152 672.346 1344.69 2017.04 
3 20.7357 22.8798 1 1 2 777 2.04404 0 0 0 
4 24.7566 34.3394 1 1 3 563 3.35365 130.365 260.73 391.095 
5 27.382 26.1888 2 1 3 306 2.43343 502.348 1004.7 1507.04 
6 34.8026 38.351 2 1 3 722 4.89083 969.903 1939.81 2909.71 
7 28.5707 28.3587 2 3 1 795 2.42195 165.969 331.937 497.906 
8 36.591 39.9213 1 3 1 546 4.51109 403.726 807.451 1211.18 
9 21.5925 35.458 1 3 3 443 3.83295 98.7106 197.421 296.132 
10 23.5578 24.7972 3 3 3 555 4.66513 765.286 1530.57 2295.86 
11 34.5265 35.7234 2 1 3 754 2.75925 0 0 0 
12 24.8409 25.8881 1 3 1 661 4.95669 225.356 450.712 676.069 
13 32.2531 33.5618 3 3 2 508 3.25732 430.972 861.944 1292.92 
14 20.2253 37.4351 2 3 3 594 2.40531 0 0 0 
15 36.2447 24.0681 1 2 3 603 2.44571 863.2 1726.4 2589.6 
16 36.1135 23.9569 3 2 3 691 4.01749 936.433 1872.87 2809.3 
17 33.8537 24.7676 3 2 1 703 2.78919 579.707 1159.41 1739.12 
