idx xloc yloc reus1 reus2 reus3 nonreus servicetime periodic costs(1--3)
0 25.5131 36.0364 3 1 1 421 2.19983 373.357 746.713 1120.07 
1 20.0183 36.5137 2 1 1 524 4.11838 646.823 1293.65 1940.47 
2 29.0701 20.8834 1 1 2 696 3.34566 824.353 1648.71 2473.06 
3 39.498 23.7157 1 2 2 705 2.07279 0 0 0 
4 32.3364 36.4992 3 2 2 358 2.4705 967.229 1934.46 2901.69 
5 28.6226 25.6673 3 1 2 756 3.25816 698.63 1397.26 2095.89 
6 34.9925 26.0343 3 3 2 563 2.10693 52.0086 104.017 156.026 
7 21.0332 27.2906 1 1 1 351 2.83942 0 0 0 
8 29.5185 23.8647 3 3 2 369 2.46936 648.416 1296.83 1945.25 
9 26.9013 31.8359 2 1 3 574 2.09 439.827 879.654 1319.48 
10 32.1668 37.773 2 3 1 697 2.39586 505.84 1011.68 1517.52 
11 28.4051 23.4354 1 1 1 341 3.10299 762.556 1525.11 2287.67 
12 26.9704 21.5202 2 2 3 623 4.7245 455.21 910.419 1365.63 
13 20.2403 31.0219 3 2 2 377 3.52796 190.618 381.237 571.855 
14 20.9202 20.1221 1 3 1 688 3.16748 743.312 1486.62 2229.94 
15 37.6724 35.2032 1 2 1 791 4.88018 582.311 1164.62 1746.93 
16 30.8474 32.6971 2 1 1 342 4.0721 0 0 0 
17 34.3511 32.639 3 1 3 446 3.5657 555.127 1110.25 1665.38 
