idx xloc yloc reus1 reus2 reus3 nonreus servicetime periodic costs(1--3)
0 31.5692 26.687 1 3 3 798 4.43172 0 0 0 
1 36.3238 25.0809 3 3 2 480 2.57468 210.636 421.272 631.908 
2 36.2388 27.2468 1 3 1 555 4.77142 474.514 949.029 1423.54 
3 36.3322 23.545 3 3 3 611 2.96055 783.675 1567.35 2351.02 
4 33.8128 37.3689 2 1 2 504 2.83171 431.473 862.946 1294.42 
5 21.3535 26.6831 2 3 2 667 2.99162 307.238 614.477 921.715 
6 22.2414 35.6607 2 3 1 758 4.16371 591.419 1182.84 1774.26 
7 23.6431 37.8777 2 2 1 484 3.4775 0 0 0 
8 20.8299 30.7108 2 3 3 778 3.86692 946.849 1893.7 2840.55 
9 27.5137 39.9557 1 2 2 745 3.5763 0 0 0 
10 20.1648 26.2897 2 3 1 439 4.52087 170.876 341.752 512.628 
11 37.5376 25.9402 3 1 3 421 3.95084 434.924 869.847 1304.77 
12 23.7404 33.1784 1 1 1 628 2.82334 445.527 891.055 1336.58 
13 35.3179 24.8179 2 3 2 688 2.30676 369.599 739.199 1108.8 
14 33.501 24.4235 2 2 2 455 3.07835 983.224 1966.45 2949.67 
15 36.7927 33.6955 3 3 2 589 4.11997 525.305 1050.61 1575.92 
16 36.165 38.0876 1 2 2 649 3.9625 904.241 1808.48 2712.72 
17 21.0436 22.5209 1 2 1 379 4.86569 923.858 1847.72 2771.57 
