idx xloc yloc reus1 reus2 reus3 nonreus servicetime periodic costs(1--3)
0 30.5948 36.6601 2 1 1 406 5.86118 726.01 1452.02 2178.03 2904.04 3630.05 4356.06 5082.07 5808.08 6534.09 7260.1 7986.11 8712.12 9438.13 10164.1 10890.1 11616.2 12342.2 13068.2 13794.2 14520.2 15246.2 
1 31.5671 35.6198 2 1 1 789 4.29926 946.688 1893.38 2840.06 3786.75 4733.44 5680.13 6626.82 7573.51 8520.19 9466.88 10413.6 11360.3 12306.9 13253.6 14200.3 15147 16093.7 17040.4 17987.1 18933.8 19880.5 
2 31.6218 38.0549 2 2 3 767 4.42515 127.496 254.993 382.489 509.985 637.482 764.978 892.475 1019.97 1147.47 1274.96 1402.46 1529.96 1657.45 1784.95 1912.45 2039.94 2167.44 2294.93 2422.43 2549.93 2677.42 
3 37.4812 22.4757 2 3 2 427 4.13729 413.615 827.23 1240.85 1654.46 2068.08 2481.69 2895.31 3308.92 3722.54 4136.15 4549.77 4963.38 5377 5790.61 6204.23 6617.84 7031.46 7445.07 7858.69 8272.3 8685.92 
4 36.2118 34.8436 2 3 1 473 4.26429 802.399 1604.8 2407.2 3209.6 4011.99 4814.39 5616.79 6419.19 7221.59 8023.99 8826.39 9628.79 10431.2 11233.6 12036 12838.4 13640.8 14443.2 15245.6 16048 16850.4 
5 23.4816 35.9831 3 3 1 724 5.2508 503.016 1006.03 1509.05 2012.06 2515.08 3018.1 3521.11 4024.13 4527.14 5030.16 5533.18 6036.19 6539.21 7042.23 7545.24 8048.26 8551.27 9054.29 9557.31 10060.3 10563.3 
6 32.1653 20.8927 1 3 3 616 3.48157 353.511 707.022 1060.53 1414.04 1767.56 2121.07 2474.58 2828.09 3181.6 3535.11 3888.62 4242.13 4595.65 4949.16 5302.67 5656.18 6009.69 6363.2 6716.71 7070.22 7423.74 
7 35.4079 30.3751 1 2 3 669 5.10802 251.606 503.212 754.817 1006.42 1258.03 1509.63 1761.24 2012.85 2264.45 2516.06 2767.66 3019.27 3270.88 3522.48 3774.09 4025.69 4277.3 4528.9 4780.51 5032.12 5283.72 
8 21.724 35.0172 3 3 2 742 4.45747 841.21 1682.42 2523.63 3364.84 4206.05 5047.26 5888.47 6729.68 7570.89 8412.1 9253.31 10094.5 10935.7 11776.9 12618.1 13459.4 14300.6 15141.8 15983 16824.2 17665.4 
9 29.7994 34.8086 3 3 3 617 3.96252 427.574 855.148 1282.72 1710.3 2137.87 2565.44 2993.02 3420.59 3848.17 4275.74 4703.31 5130.89 5558.46 5986.04 6413.61 6841.18 7268.76 7696.33 8123.91 8551.48 8979.05 
10 39.3652 27.9226 2 2 3 491 5.8368 733.489 1466.98 2200.47 2933.96 3667.45 4400.94 5134.43 5867.92 6601.41 7334.89 8068.38 8801.87 9535.36 10268.9 11002.3 11735.8 12469.3 13202.8 13936.3 14669.8 15403.3 
11 28.9138 27.0556 3 3 2 794 3.54831 286.55 573.1 859.65 1146.2 1432.75 1719.3 2005.85 2292.4 2578.95 2865.5 3152.05 3438.6 3725.15 4011.7 4298.25 4584.8 4871.35 5157.9 5444.45 5731 6017.55 
12 34.8307 37.7821 1 3 2 601 4.24896 781.072 1562.14 2343.22 3124.29 3905.36 4686.43 5467.5 6248.58 7029.65 7810.72 8591.79 9372.87 10153.9 10935 11716.1 12497.2 13278.2 14059.3 14840.4 15621.4 16402.5 
13 24.0562 32.9265 2 1 3 460 4.89734 699.642 1399.28 2098.93 2798.57 3498.21 4197.85 4897.5 5597.14 6296.78 6996.42 7696.06 8395.71 9095.35 9794.99 10494.6 11194.3 11893.9 12593.6 13293.2 13992.8 14692.5 
14 25.9252 34.7738 1 2 1 619 4.51222 467.85 935.7 1403.55 1871.4 2339.25 2807.1 3274.95 3742.8 4210.65 4678.5 5146.35 5614.2 6082.05 6549.9 7017.75 7485.6 7953.45 8421.3 8889.15 9357 9824.85 
15 20.2895 38.9226 1 1 2 409 3.85886 940.224 1880.45 2820.67 3760.89 4701.12 5641.34 6581.57 7521.79 8462.01 9402.24 10342.5 11282.7 12222.9 13163.1 14103.4 15043.6 15983.8 16924 17864.3 18804.5 19744.7 
16 35.7771 30.6187 1 3 3 407 5.71586 682.657 1365.31 2047.97 2730.63 3413.29 4095.94 4778.6 5461.26 6143.91 6826.57 7509.23 8191.89 8874.54 9557.2 10239.9 10922.5 11605.2 12287.8 12970.5 13653.1 14335.8 
17 26.9121 20.4438 2 2 2 536 5.75868 708.875 1417.75 2126.62 2835.5 3544.37 4253.25 4962.12 5671 6379.87 7088.75 7797.62 8506.5 9215.37 9924.25 10633.1 11342 12050.9 12759.7 13468.6 14177.5 14886.4 
18 32.2253 32.4309 2 1 3 443 3.99511 66.7186 133.437 200.156 266.874 333.593 400.311 467.03 533.749 600.467 667.186 733.904 800.623 867.342 934.06 1000.78 1067.5 1134.22 1200.93 1267.65 1334.37 1401.09 
19 33.0413 34.5373 1 3 2 453 4.00545 735.864 1471.73 2207.59 2943.45 3679.32 4415.18 5151.05 5886.91 6622.77 7358.64 8094.5 8830.36 9566.23 10302.1 11038 11773.8 12509.7 13245.5 13981.4 14717.3 15453.1 
20 20.5384 29.0507 2 3 2 478 3.13533 331.736 663.473 995.209 1326.95 1658.68 1990.42 2322.16 2653.89 2985.63 3317.36 3649.1 3980.84 4312.57 4644.31 4976.05 5307.78 5639.52 5971.26 6302.99 6634.73 6966.47 
21 34.5752 25.9999 1 3 1 661 4.7605 679.647 1359.29 2038.94 2718.59 3398.23 4077.88 4757.53 5437.17 6116.82 6796.47 7476.11 8155.76 8835.41 9515.05 10194.7 10874.3 11554 12233.6 12913.3 13592.9 14272.6 
22 26.9612 30.6782 3 3 2 656 3.47595 308.38 616.76 925.139 1233.52 1541.9 1850.28 2158.66 2467.04 2775.42 3083.8 3392.18 3700.56 4008.94 4317.32 4625.7 4934.08 5242.46 5550.84 5859.22 6167.6 6475.98 
23 25.0242 32.2331 1 2 2 482 3.93573 323.864 647.728 971.592 1295.46 1619.32 1943.18 2267.05 2590.91 2914.78 3238.64 3562.5 3886.37 4210.23 4534.1 4857.96 5181.82 5505.69 5829.55 6153.42 6477.28 6801.15 
24 22.1967 39.9019 1 2 1 736 5.55365 757.719 1515.44 2273.16 3030.87 3788.59 4546.31 5304.03 6061.75 6819.47 7577.19 8334.91 9092.62 9850.34 10608.1 11365.8 12123.5 12881.2 13638.9 14396.7 15154.4 15912.1 
25 27.5004 35.2458 3 3 3 625 5.49594 317.747 635.493 953.24 1270.99 1588.73 1906.48 2224.23 2541.97 2859.72 3177.47 3495.21 3812.96 4130.7 4448.45 4766.2 5083.94 5401.69 5719.44 6037.18 6354.93 6672.68 
26 24.517 39.823 3 2 1 598 5.63613 301.256 602.511 903.767 1205.02 1506.28 1807.53 2108.79 2410.05 2711.3 3012.56 3313.81 3615.07 3916.32 4217.58 4518.83 4820.09 5121.35 5422.6 5723.86 6025.11 6326.37 
27 31.8748 39.9997 3 3 1 629 5.60064 980.335 1960.67 2941 3921.34 4901.67 5882.01 6862.34 7842.68 8823.01 9803.35 10783.7 11764 12744.3 13724.7 14705 15685.4 16665.7 17646 18626.4 19606.7 20587 
28 25.2246 28.0092 2 2 1 485 4.23587 205.792 411.584 617.376 823.168 1028.96 1234.75 1440.54 1646.34 1852.13 2057.92 2263.71 2469.5 2675.3 2881.09 3086.88 3292.67 3498.46 3704.26 3910.05 4115.84 4321.63 
29 34.7798 26.0016 1 1 3 740 4.85168 275.508 551.016 826.523 1102.03 1377.54 1653.05 1928.55 2204.06 2479.57 2755.08 3030.59 3306.09 3581.6 3857.11 4132.62 4408.12 4683.63 4959.14 5234.65 5510.16 5785.66 
30 28.3102 22.0453 2 3 3 506 3.35456 776.272 1552.54 2328.82 3105.09 3881.36 4657.63 5433.9 6210.18 6986.45 7762.72 8538.99 9315.26 10091.5 10867.8 11644.1 12420.4 13196.6 13972.9 14749.2 15525.4 16301.7 
31 36.5038 37.2018 3 2 1 458 5.27137 966.941 1933.88 2900.82 3867.76 4834.71 5801.65 6768.59 7735.53 8702.47 9669.41 10636.4 11603.3 12570.2 13537.2 14504.1 15471.1 16438 17404.9 18371.9 19338.8 20305.8 
32 27.8746 27.5163 2 2 2 428 5.42596 728.526 1457.05 2185.58 2914.1 3642.63 4371.15 5099.68 5828.2 6556.73 7285.26 8013.78 8742.31 9470.83 10199.4 10927.9 11656.4 12384.9 13113.5 13842 14570.5 15299 
33 23.6078 39.7161 3 2 3 753 5.00012 125.679 251.359 377.038 502.718 628.397 754.077 879.756 1005.44 1131.12 1256.79 1382.47 1508.15 1633.83 1759.51 1885.19 2010.87 2136.55 2262.23 2387.91 2513.59 2639.27 
34 36.8428 33.8817 3 2 3 576 4.46458 910.565 1821.13 2731.7 3642.26 4552.83 5463.39 6373.96 7284.52 8195.09 9105.65 10016.2 10926.8 11837.3 12747.9 13658.5 14569 15479.6 16390.2 17300.7 18211.3 19121.9 
35 38.375 30.5182 2 3 3 467 3.21175 293.059 586.117 879.176 1172.23 1465.29 1758.35 2051.41 2344.47 2637.53 2930.59 3223.64 3516.7 3809.76 4102.82 4395.88 4688.94 4982 5275.05 5568.11 5861.17 6154.23 
36 32.1183 26.3376 2 1 1 423 4.44028 259.77 519.539 779.309 1039.08 1298.85 1558.62 1818.39 2078.16 2337.93 2597.7 2857.47 3117.24 3377.01 3636.78 3896.54 4156.31 4416.08 4675.85 4935.62 5195.39 5455.16 
37 33.0506 24.0892 1 3 3 551 5.5815 690.394 1380.79 2071.18 2761.58 3451.97 4142.36 4832.76 5523.15 6213.54 6903.94 7594.33 8284.73 8975.12 9665.51 10355.9 11046.3 11736.7 12427.1 13117.5 13807.9 14498.3 
38 21.1874 31.626 3 3 1 512 5.7217 85.3575 170.715 256.073 341.43 426.788 512.145 597.503 682.86 768.218 853.575 938.933 1024.29 1109.65 1195.01 1280.36 1365.72 1451.08 1536.44 1621.79 1707.15 1792.51 
39 23.7682 37.749 2 3 1 456 4.72948 624.188 1248.38 1872.56 2496.75 3120.94 3745.13 4369.32 4993.51 5617.69 6241.88 6866.07 7490.26 8114.45 8738.63 9362.82 9987.01 10611.2 11235.4 11859.6 12483.8 13108 
