idx xloc yloc reus1 reus2 reus3 nonreus servicetime periodic costs(1--3)
0 25.3222 29.8348 2 3 2 498 3.4261 344.265 688.53 1032.79 1377.06 1721.32 2065.59 2409.85 2754.12 3098.38 3442.65 3786.91 4131.18 4475.44 4819.71 5163.97 5508.24 5852.5 6196.77 6541.03 6885.3 7229.56 
1 38.9632 20.8115 3 2 1 459 5.66724 588.323 1176.65 1764.97 2353.29 2941.61 3529.94 4118.26 4706.58 5294.91 5883.23 6471.55 7059.87 7648.2 8236.52 8824.84 9413.16 10001.5 10589.8 11178.1 11766.5 12354.8 
2 25.8386 32.4035 2 1 3 498 5.61057 730.912 1461.82 2192.74 2923.65 3654.56 4385.47 5116.39 5847.3 6578.21 7309.12 8040.04 8770.95 9501.86 10232.8 10963.7 11694.6 12425.5 13156.4 13887.3 14618.2 15349.2 
3 37.6897 27.6962 2 2 1 728 3.16843 196.289 392.577 588.866 785.154 981.443 1177.73 1374.02 1570.31 1766.6 1962.89 2159.17 2355.46 2551.75 2748.04 2944.33 3140.62 3336.91 3533.19 3729.48 3925.77 4122.06 
4 25.8937 31.7116 3 3 3 747 3.09384 880.333 1760.67 2641 3521.33 4401.67 5282 6162.33 7042.67 7923 8803.33 9683.67 10564 11444.3 12324.7 13205 14085.3 14965.7 15846 16726.3 17606.7 18487 
5 39.7534 35.9846 3 3 2 486 5.84767 695.434 1390.87 2086.3 2781.74 3477.17 4172.6 4868.04 5563.47 6258.91 6954.34 7649.78 8345.21 9040.64 9736.08 10431.5 11126.9 11822.4 12517.8 13213.2 13908.7 14604.1 
6 22.6899 32.133 2 1 3 789 3.92075 337.33 674.661 1011.99 1349.32 1686.65 2023.98 2361.31 2698.64 3035.97 3373.3 3710.63 4047.96 4385.29 4722.62 5059.96 5397.29 5734.62 6071.95 6409.28 6746.61 7083.94 
7 26.9216 36.3294 2 2 3 524 3.44973 643.285 1286.57 1929.85 2573.14 3216.42 3859.71 4502.99 5146.28 5789.56 6432.85 7076.13 7719.42 8362.7 9005.99 9649.27 10292.6 10935.8 11579.1 12222.4 12865.7 13509 
8 38.6295 37.3787 2 1 1 718 3.57012 776.896 1553.79 2330.69 3107.58 3884.48 4661.38 5438.27 6215.17 6992.06 7768.96 8545.86 9322.75 10099.6 10876.5 11653.4 12430.3 13207.2 13984.1 14761 15537.9 16314.8 
9 31.3165 34.466 3 1 3 525 5.13382 580.955 1161.91 1742.86 2323.82 2904.77 3485.73 4066.68 4647.64 5228.59 5809.55 6390.5 6971.46 7552.41 8133.37 8714.32 9295.28 9876.23 10457.2 11038.1 11619.1 12200.1 
10 20.1268 33.0809 2 1 3 610 5.19963 742.831 1485.66 2228.49 2971.33 3714.16 4456.99 5199.82 5942.65 6685.48 7428.31 8171.15 8913.98 9656.81 10399.6 11142.5 11885.3 12628.1 13371 14113.8 14856.6 15599.5 
11 33.7857 26.6164 3 3 1 513 4.63024 474.947 949.893 1424.84 1899.79 2374.73 2849.68 3324.63 3799.57 4274.52 4749.47 5224.41 5699.36 6174.31 6649.25 7124.2 7599.15 8074.09 8549.04 9023.99 9498.93 9973.88 
12 30.2978 27.2805 3 2 3 528 5.38814 606.787 1213.57 1820.36 2427.15 3033.93 3640.72 4247.51 4854.29 5461.08 6067.87 6674.66 7281.44 7888.23 8495.02 9101.8 9708.59 10315.4 10922.2 11528.9 12135.7 12742.5 
13 31.6263 21.0629 1 1 1 692 4.21722 332.784 665.567 998.351 1331.13 1663.92 1996.7 2329.49 2662.27 2995.05 3327.84 3660.62 3993.4 4326.19 4658.97 4991.75 5324.54 5657.32 5990.11 6322.89 6655.67 6988.46 
14 38.8926 33.259 2 1 3 754 4.47561 485.213 970.425 1455.64 1940.85 2426.06 2911.28 3396.49 3881.7 4366.91 4852.13 5337.34 5822.55 6307.77 6792.98 7278.19 7763.4 8248.62 8733.83 9219.04 9704.25 10189.5 
15 32.1299 38.6428 2 3 3 598 3.36679 52.7884 105.577 158.365 211.153 263.942 316.73 369.519 422.307 475.095 527.884 580.672 633.46 686.249 739.037 791.826 844.614 897.402 950.191 1002.98 1055.77 1108.56 
16 25.7157 35.0329 1 2 1 699 5.56075 723.092 1446.18 2169.28 2892.37 3615.46 4338.55 5061.65 5784.74 6507.83 7230.92 7954.02 8677.11 9400.2 10123.3 10846.4 11569.5 12292.6 13015.7 13738.8 14461.8 15184.9 
17 22.5024 20.5122 3 3 2 526 5.96415 182.583 365.166 547.749 730.333 912.916 1095.5 1278.08 1460.67 1643.25 1825.83 2008.41 2191 2373.58 2556.16 2738.75 2921.33 3103.91 3286.5 3469.08 3651.66 3834.25 
18 20.7524 29.796 1 3 1 705 5.13676 925.198 1850.4 2775.59 3700.79 4625.99 5551.19 6476.38 7401.58 8326.78 9251.98 10177.2 11102.4 12027.6 12952.8 13878 14803.2 15728.4 16653.6 17578.8 18504 19429.1 
19 32.3138 39.4494 3 3 1 425 4.97904 348.247 696.494 1044.74 1392.99 1741.24 2089.48 2437.73 2785.98 3134.22 3482.47 3830.72 4178.97 4527.21 4875.46 5223.71 5571.95 5920.2 6268.45 6616.7 6964.94 7313.19 
20 31.7186 27.3895 3 3 1 411 5.20292 751.442 1502.88 2254.33 3005.77 3757.21 4508.65 5260.09 6011.54 6762.98 7514.42 8265.86 9017.3 9768.75 10520.2 11271.6 12023.1 12774.5 13526 14277.4 15028.8 15780.3 
21 37.7584 39.2278 1 3 2 637 3.34404 676.612 1353.22 2029.84 2706.45 3383.06 4059.67 4736.29 5412.9 6089.51 6766.12 7442.74 8119.35 8795.96 9472.57 10149.2 10825.8 11502.4 12179 12855.6 13532.2 14208.9 
22 27.5862 36.8068 1 2 3 776 3.42115 609.959 1219.92 1829.88 2439.84 3049.8 3659.76 4269.72 4879.68 5489.64 6099.59 6709.55 7319.51 7929.47 8539.43 9149.39 9759.35 10369.3 10979.3 11589.2 12199.2 12809.1 
23 20.2189 28.9354 3 2 1 768 4.70976 468.665 937.33 1406 1874.66 2343.33 2811.99 3280.66 3749.32 4217.99 4686.65 5155.32 5623.98 6092.65 6561.31 7029.98 7498.64 7967.31 8435.97 8904.64 9373.3 9841.97 
24 29.8838 31.5902 3 1 1 550 3.48795 626.311 1252.62 1878.93 2505.24 3131.55 3757.86 4384.17 5010.48 5636.8 6263.11 6889.42 7515.73 8142.04 8768.35 9394.66 10021 10647.3 11273.6 11899.9 12526.2 13152.5 
25 21.6224 29.3989 2 2 3 710 4.94108 946.375 1892.75 2839.12 3785.5 4731.87 5678.25 6624.62 7571 8517.37 9463.75 10410.1 11356.5 12302.9 13249.2 14195.6 15142 16088.4 17034.7 17981.1 18927.5 19873.9 
26 30.2221 38.2137 1 3 3 636 5.22617 473.856 947.712 1421.57 1895.42 2369.28 2843.14 3316.99 3790.85 4264.7 4738.56 5212.41 5686.27 6160.13 6633.98 7107.84 7581.69 8055.55 8529.41 9003.26 9477.12 9950.97 
27 20.4012 39.6109 1 3 2 797 4.10218 789.313 1578.63 2367.94 3157.25 3946.56 4735.88 5525.19 6314.5 7103.81 7893.13 8682.44 9471.75 10261.1 11050.4 11839.7 12629 13418.3 14207.6 14996.9 15786.3 16575.6 
28 25.8943 34.8219 1 1 3 412 4.77711 750.17 1500.34 2250.51 3000.68 3750.85 4501.02 5251.19 6001.36 6751.53 7501.7 8251.87 9002.04 9752.21 10502.4 11252.5 12002.7 12752.9 13503.1 14253.2 15003.4 15753.6 
29 30.7723 35.2941 2 3 2 532 5.42025 200.555 401.111 601.666 802.221 1002.78 1203.33 1403.89 1604.44 1805 2005.55 2206.11 2406.66 2607.22 2807.77 3008.33 3208.88 3409.44 3609.99 3810.55 4011.11 4211.66 
30 22.0453 31.1696 3 3 3 749 5.81793 839.775 1679.55 2519.32 3359.1 4198.87 5038.65 5878.42 6718.2 7557.97 8397.75 9237.52 10077.3 10917.1 11756.8 12596.6 13436.4 14276.2 15115.9 15955.7 16795.5 17635.3 
31 36.7592 31.0062 2 3 1 575 4.11146 282.472 564.943 847.415 1129.89 1412.36 1694.83 1977.3 2259.77 2542.24 2824.72 3107.19 3389.66 3672.13 3954.6 4237.07 4519.55 4802.02 5084.49 5366.96 5649.43 5931.9 
32 22.6037 31.4659 3 3 3 484 3.98106 545.781 1091.56 1637.34 2183.13 2728.91 3274.69 3820.47 4366.25 4912.03 5457.81 6003.59 6549.38 7095.16 7640.94 8186.72 8732.5 9278.28 9824.06 10369.8 10915.6 11461.4 
33 25.875 39.5816 1 2 2 732 4.32809 433.93 867.86 1301.79 1735.72 2169.65 2603.58 3037.51 3471.44 3905.37 4339.3 4773.23 5207.16 5641.09 6075.02 6508.95 6942.88 7376.81 7810.74 8244.67 8678.6 9112.53 
34 23.7944 30.8382 2 3 2 574 4.89028 523.644 1047.29 1570.93 2094.58 2618.22 3141.86 3665.51 4189.15 4712.79 5236.44 5760.08 6283.73 6807.37 7331.01 7854.66 8378.3 8901.94 9425.59 9949.23 10472.9 10996.5 
35 35.8066 27.1125 1 1 1 517 3.99551 227.614 455.229 682.843 910.458 1138.07 1365.69 1593.3 1820.92 2048.53 2276.14 2503.76 2731.37 2958.99 3186.6 3414.22 3641.83 3869.44 4097.06 4324.67 4552.29 4779.9 
36 27.8446 39.6342 1 2 1 523 5.17599 490.882 981.763 1472.65 1963.53 2454.41 2945.29 3436.17 3927.05 4417.94 4908.82 5399.7 5890.58 6381.46 6872.34 7363.23 7854.11 8344.99 8835.87 9326.75 9817.63 10308.5 
37 23.0334 38.1158 1 3 2 714 4.15181 55.1082 110.216 165.325 220.433 275.541 330.649 385.757 440.866 495.974 551.082 606.19 661.298 716.406 771.515 826.623 881.731 936.839 991.947 1047.06 1102.16 1157.27 
38 28.8427 31.4384 3 1 2 768 4.6651 71.7572 143.514 215.272 287.029 358.786 430.543 502.301 574.058 645.815 717.572 789.329 861.087 932.844 1004.6 1076.36 1148.12 1219.87 1291.63 1363.39 1435.14 1506.9 
39 29.1773 20.6467 1 3 2 721 4.28451 442.834 885.668 1328.5 1771.34 2214.17 2657 3099.84 3542.67 3985.51 4428.34 4871.18 5314.01 5756.84 6199.68 6642.51 7085.35 7528.18 7971.01 8413.85 8856.68 9299.52 
