idx xloc yloc reus1 reus2 reus3 nonreus servicetime periodic costs(1--3)
0 35.7897 29.1579 3 1 1 610 3.5535 884.497 1768.99 2653.49 3537.99 4422.49 5306.98 6191.48 7075.98 7960.47 8844.97 9729.47 10614 11498.5 12383 13267.5 14152 15036.5 15920.9 16805.4 17689.9 18574.4 
1 37.8963 22.1908 1 3 2 442 3.80779 617.456 1234.91 1852.37 2469.83 3087.28 3704.74 4322.2 4939.65 5557.11 6174.56 6792.02 7409.48 8026.93 8644.39 9261.85 9879.3 10496.8 11114.2 11731.7 12349.1 12966.6 
2 35.4862 27.3247 3 1 1 674 3.28108 413.408 826.816 1240.22 1653.63 2067.04 2480.45 2893.85 3307.26 3720.67 4134.08 4547.49 4960.89 5374.3 5787.71 6201.12 6614.52 7027.93 7441.34 7854.75 8268.16 8681.56 
3 39.6471 24.9103 2 2 2 741 3.63647 657.45 1314.9 1972.35 2629.8 3287.25 3944.7 4602.15 5259.6 5917.05 6574.5 7231.95 7889.4 8546.85 9204.3 9861.75 10519.2 11176.7 11834.1 12491.6 13149 13806.5 
4 32.4851 32.1271 3 1 1 578 4.96849 426.263 852.526 1278.79 1705.05 2131.31 2557.58 2983.84 3410.1 3836.37 4262.63 4688.89 5115.16 5541.42 5967.68 6393.94 6820.21 7246.47 7672.73 8099 8525.26 8951.52 
5 24.991 31.1429 1 2 2 752 5.50268 165.203 330.406 495.609 660.812 826.014 991.217 1156.42 1321.62 1486.83 1652.03 1817.23 1982.43 2147.64 2312.84 2478.04 2643.25 2808.45 2973.65 3138.86 3304.06 3469.26 
6 27.6647 33.8642 1 3 3 669 3.63793 175.017 350.034 525.051 700.067 875.084 1050.1 1225.12 1400.13 1575.15 1750.17 1925.19 2100.2 2275.22 2450.24 2625.25 2800.27 2975.29 3150.3 3325.32 3500.34 3675.35 
7 20.192 20.2844 2 1 3 775 5.00607 194.605 389.209 583.814 778.418 973.023 1167.63 1362.23 1556.84 1751.44 1946.05 2140.65 2335.25 2529.86 2724.46 2919.07 3113.67 3308.28 3502.88 3697.49 3892.09 4086.69 
8 25.3052 33.9368 1 1 1 707 4.42297 186.374 372.747 559.121 745.495 931.868 1118.24 1304.62 1490.99 1677.36 1863.74 2050.11 2236.48 2422.86 2609.23 2795.6 2981.98 3168.35 3354.73 3541.1 3727.47 3913.85 
9 29.8012 25.2729 2 2 3 652 5.04271 938.633 1877.27 2815.9 3754.53 4693.16 5631.8 6570.43 7509.06 8447.7 9386.33 10325 11263.6 12202.2 13140.9 14079.5 15018.1 15956.8 16895.4 17834 18772.7 19711.3 
10 34.5437 33.7851 3 3 3 766 3.96203 274.618 549.236 823.854 1098.47 1373.09 1647.71 1922.33 2196.95 2471.56 2746.18 3020.8 3295.42 3570.04 3844.65 4119.27 4393.89 4668.51 4943.13 5217.74 5492.36 5766.98 
11 26.6202 31.1602 1 1 3 756 3.68072 320.69 641.381 962.071 1282.76 1603.45 1924.14 2244.83 2565.52 2886.21 3206.9 3527.59 3848.28 4168.97 4489.66 4810.36 5131.05 5451.74 5772.43 6093.12 6413.81 6734.5 
12 29.9758 21.3849 1 2 2 749 4.01516 744.271 1488.54 2232.81 2977.08 3721.36 4465.63 5209.9 5954.17 6698.44 7442.71 8186.98 8931.25 9675.52 10419.8 11164.1 11908.3 12652.6 13396.9 14141.1 14885.4 15629.7 
13 22.5839 27.7732 2 2 3 686 3.87562 106.635 213.271 319.906 426.541 533.177 639.812 746.447 853.082 959.718 1066.35 1172.99 1279.62 1386.26 1492.89 1599.53 1706.16 1812.8 1919.44 2026.07 2132.71 2239.34 
14 23.817 28.9455 2 1 3 508 5.32383 968.118 1936.24 2904.36 3872.47 4840.59 5808.71 6776.83 7744.95 8713.07 9681.18 10649.3 11617.4 12585.5 13553.7 14521.8 15489.9 16458 17426.1 18394.3 19362.4 20330.5 
15 28.8173 37.3206 2 2 1 451 4.54406 580.713 1161.43 1742.14 2322.85 2903.57 3484.28 4064.99 4645.7 5226.42 5807.13 6387.84 6968.56 7549.27 8129.98 8710.7 9291.41 9872.12 10452.8 11033.5 11614.3 12195 
16 22.4362 38.9679 1 2 3 636 3.27102 356.89 713.781 1070.67 1427.56 1784.45 2141.34 2498.23 2855.12 3212.01 3568.9 3925.79 4282.68 4639.57 4996.46 5353.35 5710.24 6067.13 6424.02 6780.92 7137.81 7494.7 
17 26.7274 22.6103 2 3 3 621 5.12052 147.347 294.695 442.042 589.389 736.737 884.084 1031.43 1178.78 1326.13 1473.47 1620.82 1768.17 1915.52 2062.86 2210.21 2357.56 2504.91 2652.25 2799.6 2946.95 3094.29 
18 26.4072 27.0946 1 1 1 690 4.0173 989.422 1978.84 2968.27 3957.69 4947.11 5936.53 6925.95 7915.37 8904.8 9894.22 10883.6 11873.1 12862.5 13851.9 14841.3 15830.7 16820.2 17809.6 18799 19788.4 20777.9 
19 23.2858 39.0655 1 1 2 736 4.52821 689.096 1378.19 2067.29 2756.39 3445.48 4134.58 4823.67 5512.77 6201.87 6890.96 7580.06 8269.16 8958.25 9647.35 10336.4 11025.5 11714.6 12403.7 13092.8 13781.9 14471 
20 33.6218 27.6043 1 3 1 698 4.7344 370.492 740.983 1111.47 1481.97 1852.46 2222.95 2593.44 2963.93 3334.42 3704.92 4075.41 4445.9 4816.39 5186.88 5557.37 5927.86 6298.36 6668.85 7039.34 7409.83 7780.32 
21 21.0212 38.4369 1 1 2 770 5.69374 331.018 662.036 993.054 1324.07 1655.09 1986.11 2317.13 2648.14 2979.16 3310.18 3641.2 3972.22 4303.23 4634.25 4965.27 5296.29 5627.31 5958.32 6289.34 6620.36 6951.38 
22 29.108 26.1198 3 3 1 554 3.22493 879.116 1758.23 2637.35 3516.46 4395.58 5274.7 6153.81 7032.93 7912.04 8791.16 9670.28 10549.4 11428.5 12307.6 13186.7 14065.9 14945 15824.1 16703.2 17582.3 18461.4 
23 25.0851 35.875 1 3 1 756 3.7387 739.748 1479.5 2219.24 2958.99 3698.74 4438.49 5178.24 5917.98 6657.73 7397.48 8137.23 8876.97 9616.72 10356.5 11096.2 11836 12575.7 13315.5 14055.2 14795 15534.7 
24 24.6259 33.368 2 1 2 582 4.74421 925.574 1851.15 2776.72 3702.29 4627.87 5553.44 6479.02 7404.59 8330.16 9255.74 10181.3 11106.9 12032.5 12958 13883.6 14809.2 15734.8 16660.3 17585.9 18511.5 19437 
25 23.0639 20.138 3 1 3 405 3.7122 826.535 1653.07 2479.61 3306.14 4132.68 4959.21 5785.75 6612.28 7438.82 8265.35 9091.89 9918.42 10745 11571.5 12398 13224.6 14051.1 14877.6 15704.2 16530.7 17357.2 
26 39.4519 23.2077 2 2 2 623 5.21002 713.367 1426.73 2140.1 2853.47 3566.84 4280.2 4993.57 5706.94 6420.3 7133.67 7847.04 8560.41 9273.77 9987.14 10700.5 11413.9 12127.2 12840.6 13554 14267.3 14980.7 
27 39.5798 24.0803 3 1 3 446 4.49457 943.992 1887.98 2831.98 3775.97 4719.96 5663.95 6607.95 7551.94 8495.93 9439.92 10383.9 11327.9 12271.9 13215.9 14159.9 15103.9 16047.9 16991.9 17935.9 18879.8 19823.8 
28 26.7655 20.4534 2 2 1 472 5.09384 351.296 702.592 1053.89 1405.18 1756.48 2107.78 2459.07 2810.37 3161.66 3512.96 3864.25 4215.55 4566.85 4918.14 5269.44 5620.73 5972.03 6323.33 6674.62 7025.92 7377.21 
29 39.411 30.6197 1 1 2 605 3.42252 761.402 1522.8 2284.2 3045.61 3807.01 4568.41 5329.81 6091.21 6852.61 7614.02 8375.42 9136.82 9898.22 10659.6 11421 12182.4 12943.8 13705.2 14466.6 15228 15989.4 
30 24.4083 25.1836 2 3 2 705 4.80805 535.51 1071.02 1606.53 2142.04 2677.55 3213.06 3748.57 4284.08 4819.59 5355.1 5890.6 6426.11 6961.62 7497.13 8032.64 8568.15 9103.66 9639.17 10174.7 10710.2 11245.7 
31 37.5843 31.8521 3 3 3 440 3.44814 443.26 886.521 1329.78 1773.04 2216.3 2659.56 3102.82 3546.08 3989.34 4432.6 4875.87 5319.13 5762.39 6205.65 6648.91 7092.17 7535.43 7978.69 8421.95 8865.21 9308.47 
32 21.0059 38.266 1 2 2 741 5.99845 319.159 638.319 957.478 1276.64 1595.8 1914.96 2234.12 2553.28 2872.43 3191.59 3510.75 3829.91 4149.07 4468.23 4787.39 5106.55 5425.71 5744.87 6064.03 6383.19 6702.35 
33 29.8209 36.4854 1 1 2 757 5.54915 738.743 1477.49 2216.23 2954.97 3693.71 4432.46 5171.2 5909.94 6648.69 7387.43 8126.17 8864.91 9603.66 10342.4 11081.1 11819.9 12558.6 13297.4 14036.1 14774.9 15513.6 
34 20.5304 22.0124 3 2 3 634 3.62244 665.172 1330.34 1995.52 2660.69 3325.86 3991.03 4656.2 5321.38 5986.55 6651.72 7316.89 7982.06 8647.24 9312.41 9977.58 10642.8 11307.9 11973.1 12638.3 13303.4 13968.6 
35 33.701 26.9965 2 1 2 664 5.70479 732.939 1465.88 2198.82 2931.75 3664.69 4397.63 5130.57 5863.51 6596.45 7329.39 8062.33 8795.26 9528.2 10261.1 10994.1 11727 12460 13192.9 13925.8 14658.8 15391.7 
36 25.743 23.4845 1 2 3 652 4.05539 254.507 509.013 763.52 1018.03 1272.53 1527.04 1781.55 2036.05 2290.56 2545.07 2799.57 3054.08 3308.58 3563.09 3817.6 4072.1 4326.61 4581.12 4835.62 5090.13 5344.64 
37 30.7088 24.6759 1 3 3 448 5.25402 127.397 254.794 382.191 509.587 636.984 764.381 891.778 1019.17 1146.57 1273.97 1401.37 1528.76 1656.16 1783.56 1910.95 2038.35 2165.75 2293.14 2420.54 2547.94 2675.33 
38 37.3058 36.059 3 2 2 525 3.50173 981.492 1962.98 2944.48 3925.97 4907.46 5888.95 6870.45 7851.94 8833.43 9814.92 10796.4 11777.9 12759.4 13740.9 14722.4 15703.9 16685.4 17666.9 18648.4 19629.8 20611.3 
39 24.5461 25.9814 1 1 3 436 5.66444 990.019 1980.04 2970.06 3960.08 4950.1 5940.11 6930.13 7920.15 8910.17 9900.19 10890.2 11880.2 12870.2 13860.3 14850.3 15840.3 16830.3 17820.3 18810.4 19800.4 20790.4 
