idx xloc yloc reus1 reus2 reus3 nonreus servicetime periodic costs(1--3)
0 33.7445 27.8348 1 3 2 696 2.60918 971.771 1943.54 2915.31 3887.09 4858.86 5830.63 
1 39.3268 35.4395 1 1 1 655 3.1632 941.651 1883.3 2824.95 3766.61 4708.26 5649.91 
2 39.2234 38.8808 2 3 3 409 3.85121 527.545 1055.09 1582.64 2110.18 2637.73 3165.27 
3 33.98 34.4031 1 1 1 448 3.59634 821.013 1642.03 2463.04 3284.05 4105.07 4926.08 
4 28.1553 27.9563 1 2 2 619 4.88876 387.924 775.848 1163.77 1551.7 1939.62 2327.55 
5 38.2583 28.0789 1 2 2 507 2.32752 806.822 1613.64 2420.47 3227.29 4034.11 4840.93 
6 36.9874 34.9385 2 3 2 592 2.19101 422.991 845.983 1268.97 1691.97 2114.96 2537.95 
7 36.5953 34.8559 3 3 3 695 3.2901 667.182 1334.36 2001.55 2668.73 3335.91 4003.09 
8 25.0559 24.0466 3 2 3 411 3.38296 0 0 0 0 0 0 
9 37.7052 30.0922 2 2 2 529 2.48229 507.203 1014.41 1521.61 2028.81 2536.02 3043.22 
10 31.2747 35.5424 2 3 3 523 4.58112 903.139 1806.28 2709.42 3612.55 4515.69 5418.83 
11 35.4255 38.4647 3 1 3 740 2.46756 610.417 1220.83 1831.25 2441.67 3052.09 3662.5 
12 35.2732 22.9205 3 1 2 591 3.25124 958.411 1916.82 2875.23 3833.64 4792.05 5750.46 
13 32.8727 26.6654 2 2 1 656 3.26583 0 0 0 0 0 0 
14 28.0867 33.2916 2 2 1 648 4.88084 789.987 1579.97 2369.96 3159.95 3949.94 4739.92 
15 38.8507 32.6474 1 1 2 525 2.15573 327.127 654.254 981.382 1308.51 1635.64 1962.76 
16 27.5789 39.541 3 3 3 781 3.9431 640.094 1280.19 1920.28 2560.38 3200.47 3840.56 
17 25.9567 35.639 3 3 3 408 3.76845 192.097 384.195 576.292 768.389 960.487 1152.58 
18 20.8912 23.4434 3 2 1 800 4.18993 0 0 0 0 0 0 
19 35.3691 29.911 2 2 2 505 3.27031 0 0 0 0 0 0 
