idx xloc yloc reus1 reus2 reus3 nonreus servicetime periodic costs(1--3)
0 33.9036 24.478 3 1 2 407 2.85953 405.863 811.726 1217.59 1623.45 2029.31 2435.18 
1 38.5548 24.5129 2 3 1 478 2.49828 403.759 807.517 1211.28 1615.03 2018.79 2422.55 
2 35.4576 26.8495 3 1 1 793 3.52546 495.893 991.787 1487.68 1983.57 2479.47 2975.36 
3 28.0505 27.1746 1 1 2 728 4.76264 454.503 909.005 1363.51 1818.01 2272.51 2727.02 
4 21.2226 23.4006 2 1 2 443 3.5455 400.589 801.178 1201.77 1602.36 2002.94 2403.53 
5 28.6601 22.9686 2 2 1 728 2.7563 394.527 789.053 1183.58 1578.11 1972.63 2367.16 
6 28.2362 27.6064 1 1 3 603 4.7155 0 0 0 0 0 0 
7 25.5409 28.208 1 3 1 660 4.50198 426.783 853.566 1280.35 1707.13 2133.92 2560.7 
8 30.8282 39.6793 2 2 2 593 3.70918 961.089 1922.18 2883.27 3844.36 4805.44 5766.53 
9 24.3482 35.2201 1 1 3 760 2.67009 162.463 324.925 487.388 649.85 812.313 974.775 
10 26.6439 38.2372 1 1 2 606 3.44665 502.375 1004.75 1507.13 2009.5 2511.88 3014.25 
11 26.7304 32.8531 3 2 2 414 2.12557 366.464 732.927 1099.39 1465.85 1832.32 2198.78 
12 21.7436 37.9407 1 3 2 522 2.42227 543.871 1087.74 1631.61 2175.48 2719.35 3263.22 
13 31.8619 34.0165 1 3 3 444 3.45026 593.587 1187.17 1780.76 2374.35 2967.93 3561.52 
14 31.3152 23.6662 3 2 1 553 3.90329 0 0 0 0 0 0 
15 22.3382 32.7396 3 3 3 596 3.03436 811.467 1622.93 2434.4 3245.87 4057.34 4868.8 
16 21.6731 26.1871 1 1 1 798 3.88525 821.8 1643.6 2465.4 3287.2 4109 4930.8 
17 26.2926 32.0016 3 2 3 417 4.73391 212.378 424.755 637.133 849.511 1061.89 1274.27 
18 22.0331 39.8678 2 3 1 490 3.76952 996.117 1992.23 2988.35 3984.47 4980.58 5976.7 
19 25.2325 36.855 1 2 2 477 3.69656 778.696 1557.39 2336.09 3114.78 3893.48 4672.18 
