idx xloc yloc reus1 reus2 reus3 nonreus servicetime periodic costs(1--3)
0 20.7603 35.6907 3 1 2 585 2.48944 363.466 726.933 1090.4 1453.87 1817.33 2180.8 
1 30.7585 28.3079 3 1 1 439 4.03159 563.026 1126.05 1689.08 2252.1 2815.13 3378.15 
2 22.8574 29.4055 1 2 2 678 3.16432 780.795 1561.59 2342.39 3123.18 3903.98 4684.77 
3 34.385 32.8933 2 1 3 719 4.17559 980.405 1960.81 2941.21 3921.62 4902.02 5882.43 
4 39.6173 39.7764 2 3 1 507 3.62824 319.755 639.511 959.266 1279.02 1598.78 1918.53 
5 34.6342 38.7468 3 1 1 500 3.70906 0 0 0 0 0 0 
6 20.8769 28.4909 3 2 1 618 2.14832 647.232 1294.46 1941.7 2588.93 3236.16 3883.39 
7 38.6726 22.4366 2 2 3 527 3.42943 492.21 984.421 1476.63 1968.84 2461.05 2953.26 
8 39.329 31.9715 1 3 2 718 4.66549 0 0 0 0 0 0 
9 38.3768 35.3039 3 2 3 490 3.64303 0 0 0 0 0 0 
10 35.2309 24.9408 1 2 3 682 3.40724 666.606 1333.21 1999.82 2666.42 3333.03 3999.64 
11 20.3675 39.9322 3 1 2 674 2.37109 344.463 688.926 1033.39 1377.85 1722.31 2066.78 
12 27.3752 23.009 3 1 3 556 2.60246 90.3977 180.795 271.193 361.591 451.988 542.386 
13 21.2167 34.8525 2 2 3 547 4.93514 945.752 1891.5 2837.26 3783.01 4728.76 5674.51 
14 36.5961 36.0186 2 1 1 521 4.14412 152.009 304.018 456.027 608.036 760.045 912.054 
15 34.3928 23.2819 3 3 1 583 2.45708 516.535 1033.07 1549.6 2066.14 2582.67 3099.21 
16 23.7577 33.6684 3 2 1 751 4.35277 326.534 653.068 979.602 1306.14 1632.67 1959.2 
17 32.2136 31.9746 3 1 3 779 4.71776 310.107 620.214 930.321 1240.43 1550.53 1860.64 
18 30.4562 34.47 3 3 3 707 4.39397 413.161 826.322 1239.48 1652.64 2065.81 2478.97 
19 21.4281 33.1718 1 3 1 520 4.69792 649.854 1299.71 1949.56 2599.42 3249.27 3899.13 
