idx xloc yloc reus1 reus2 reus3 nonreus servicetime periodic costs(1--3)
0 24.3555 20.2818 1 3 1 650 2.37189 0 0 0 0 0 
1 24.3463 27.0583 2 2 3 683 3.70446 0 0 0 0 0 
2 35.8922 31.5392 1 2 1 522 3.09356 950.141 1900.28 2850.42 3800.56 4750.7 
3 24.6984 27.5484 1 1 2 673 3.24397 684.592 1369.18 2053.77 2738.37 3422.96 
4 24.8996 21.4883 2 2 2 601 4.25759 0 0 0 0 0 
5 26.7241 20.6384 2 1 1 556 4.08808 717.002 1434 2151.01 2868.01 3585.01 
6 23.3621 22.6126 2 3 2 696 3.77473 175.872 351.745 527.617 703.489 879.361 
7 26.2931 36.3421 2 2 3 690 3.07847 411.793 823.585 1235.38 1647.17 2058.96 
8 36.0158 31.5741 3 2 2 757 3.25832 600.186 1200.37 1800.56 2400.74 3000.93 
9 20.8908 20.8262 2 1 1 763 2.82456 571.911 1143.82 1715.73 2287.64 2859.55 
10 39.6743 20.2012 2 3 2 440 2.98385 0 0 0 0 0 
11 32.8607 39.27 2 1 2 670 2.13053 492.268 984.535 1476.8 1969.07 2461.34 
12 31.3031 23.3437 2 1 3 774 2.47591 375.559 751.118 1126.68 1502.24 1877.8 
13 27.272 35.3499 1 2 2 447 3.08112 373.769 747.539 1121.31 1495.08 1868.85 
14 28.7563 34.1575 2 1 2 687 2.98896 717.228 1434.46 2151.68 2868.91 3586.14 
15 34.1608 31.8314 1 1 3 511 2.13845 360.424 720.848 1081.27 1441.7 1802.12 
16 28.9008 26.9132 3 3 1 470 3.19504 760.017 1520.03 2280.05 3040.07 3800.09 
17 29.6 26.4506 2 2 1 474 2.01068 290.11 580.22 870.33 1160.44 1450.55 
18 33.3278 20.5641 1 1 2 704 3.84074 338.718 677.435 1016.15 1354.87 1693.59 
19 34.9839 21.4651 3 2 2 688 2.23809 0 0 0 0 0 
