idx xloc yloc reus1 reus2 reus3 nonreus servicetime periodic costs(1--3)
0 33.5517 34.4551 1 3 2 792 3.57248 247.944 495.889 743.833 991.778 1239.72 
1 26.1714 23.3844 1 1 3 599 2.60559 887.933 1775.87 2663.8 3551.73 4439.67 
2 25.643 23.1289 1 3 1 614 2.96863 495.439 990.878 1486.32 1981.76 2477.19 
3 31.7113 26.9512 2 1 2 552 2.7404 604.469 1208.94 1813.41 2417.88 3022.35 
4 23.5265 38.8686 2 1 1 683 4.79096 98.9756 197.951 296.927 395.903 494.878 
5 29.2618 39.382 1 1 3 425 3.82887 162.806 325.613 488.419 651.226 814.032 
6 23.2776 28.4862 1 1 1 784 3.95848 390.203 780.406 1170.61 1560.81 1951.02 
7 23.2104 21.0612 3 3 3 723 2.23179 195.791 391.583 587.374 783.166 978.957 
8 30.8278 30.5005 1 2 1 662 2.72151 703.231 1406.46 2109.69 2812.92 3516.16 
9 25.5991 34.3498 1 1 2 652 2.33525 60.8866 121.773 182.66 243.546 304.433 
10 24.6878 32.6794 2 3 3 620 2.1338 169.318 338.636 507.954 677.272 846.59 
11 21.634 27.6729 1 2 2 530 4.56745 756.092 1512.18 2268.27 3024.37 3780.46 
12 23.1652 35.9309 3 1 1 491 2.49696 0 0 0 0 0 
13 25.937 30.2847 1 3 1 610 2.94455 62.1357 124.271 186.407 248.543 310.678 
14 20.9001 33.699 2 2 2 404 2.14687 563.258 1126.52 1689.77 2253.03 2816.29 
15 22.9822 26.0047 1 3 1 547 2.42663 507.483 1014.97 1522.45 2029.93 2537.41 
16 24.8619 37.5319 3 1 2 499 4.32164 0 0 0 0 0 
17 37.0192 34.1284 1 2 1 611 3.34238 0 0 0 0 0 
18 39.1596 29.8247 3 3 3 424 3.24006 172.987 345.974 518.961 691.948 864.935 
19 38.9839 28.8329 1 1 1 497 2.98035 204.069 408.138 612.206 816.275 1020.34 
