idx xloc yloc reus1 reus2 reus3 nonreus servicetime periodic costs(1--3)
0 37.3003 23.0756 1 3 3 755 3.40787 0 0 0 0 0 
1 22.2988 26.9233 3 2 3 700 4.69299 635.855 1271.71 1907.56 2543.42 3179.27 
2 22.3812 27.8379 1 1 1 699 4.47027 0 0 0 0 0 
3 25.3208 34.0778 2 1 1 465 2.81299 667.004 1334.01 2001.01 2668.02 3335.02 
4 33.0144 29.8137 2 3 3 422 3.35687 908.129 1816.26 2724.39 3632.52 4540.65 
5 35.5285 32.289 2 1 2 683 4.92422 0 0 0 0 0 
6 30.7308 20.4091 2 3 3 782 3.6236 864.36 1728.72 2593.08 3457.44 4321.8 
7 22.2272 22.0305 2 1 1 773 4.19119 735.175 1470.35 2205.53 2940.7 3675.88 
8 26.1075 23.3096 2 3 2 732 2.22124 243.763 487.526 731.29 975.053 1218.82 
9 21.9807 29.4199 2 1 2 675 4.36919 135.111 270.223 405.334 540.445 675.557 
10 22.6924 24.1174 2 3 3 702 3.6727 563.839 1127.68 1691.52 2255.35 2819.19 
11 23.6395 26.6102 2 1 3 561 3.80924 928.719 1857.44 2786.16 3714.88 4643.6 
12 26.146 22.5075 3 2 3 530 2.50205 241.998 483.996 725.994 967.992 1209.99 
13 24.3473 22.3771 1 1 2 522 2.94595 954.794 1909.59 2864.38 3819.17 4773.97 
14 30.4968 23.3488 3 3 1 434 3.78676 768.341 1536.68 2305.02 3073.36 3841.7 
15 38.6606 22.7349 2 3 1 686 2.3809 755.445 1510.89 2266.34 3021.78 3777.23 
16 33.1314 28.057 1 3 3 626 3.96064 913.778 1827.56 2741.34 3655.11 4568.89 
17 26.8446 26.6455 3 3 1 783 3.7648 425.089 850.178 1275.27 1700.36 2125.45 
18 32.0469 38.725 2 2 1 789 3.99498 194.301 388.602 582.903 777.204 971.505 
19 21.1901 20.9765 1 2 3 768 2.74827 549.879 1099.76 1649.64 2199.51 2749.39 
