idx xloc yloc reus1 reus2 reus3 nonreus servicetime periodic costs(1--3)
0 32.3694 21.5987 2 3 2 795 4.2366 0 0 0 0 
1 28.5996 31.5101 2 3 2 731 4.4294 748.523 1497.05 2245.57 2994.09 
2 27.6118 37.3199 2 3 3 478 4.07612 539.938 1079.88 1619.82 2159.75 
3 29.3858 36.4285 2 1 3 749 2.82476 613.801 1227.6 1841.4 2455.21 
4 30.5572 31.2077 3 2 1 492 3.01219 116.52 233.04 349.56 466.08 
5 39.6434 38.4367 2 1 3 579 4.23603 0 0 0 0 
6 31.263 24.6528 3 1 3 432 2.69742 864.716 1729.43 2594.15 3458.86 
7 26.0321 27.4048 1 1 2 597 2.17309 0 0 0 0 
8 29.7391 34.3854 1 3 1 414 3.16949 883.262 1766.52 2649.79 3533.05 
9 32.2685 27.555 3 1 1 523 3.19679 55.2206 110.441 165.662 220.883 
10 25.5599 29.3101 1 2 1 665 3.89011 0 0 0 0 
11 28.7115 24.764 3 3 1 651 4.20689 990.97 1981.94 2972.91 3963.88 
12 23.796 21.1604 3 3 3 776 3.83949 710.326 1420.65 2130.98 2841.31 
13 32.8313 21.5318 3 1 3 687 2.96138 0 0 0 0 
14 37.7752 37.9291 2 2 2 618 4.97634 0 0 0 0 
15 26.7765 22.3245 2 1 2 637 2.88856 64.3859 128.772 193.158 257.544 
16 23.079 21.8702 2 3 3 382 2.83781 0 0 0 0 
17 31.4747 33.005 3 3 3 469 4.84007 0 0 0 0 
