idx xloc yloc reus1 reus2 reus3 nonreus servicetime periodic costs(1--3)
0 20.4562 29.4144 2 3 2 740 2.89367 428.08 856.16 1284.24 1712.32 
1 26.4551 36.9848 2 2 3 329 3.21895 927.815 1855.63 2783.45 3711.26 
2 29.7145 21.6433 2 3 3 509 3.89859 488.477 976.954 1465.43 1953.91 
3 20.631 35.736 1 3 1 539 3.90535 228.243 456.486 684.728 912.971 
4 39.7704 35.8659 1 2 2 480 2.97695 0 0 0 0 
5 24.7805 23.2481 1 1 2 775 2.42544 763.029 1526.06 2289.09 3052.12 
6 20.5261 29.0945 1 2 2 463 2.68899 978.339 1956.68 2935.02 3913.36 
7 31.2036 25.462 3 3 2 495 4.05766 695.326 1390.65 2085.98 2781.3 
8 27.5974 23.1829 2 3 3 739 2.3993 645.509 1291.02 1936.53 2582.04 
9 31.0261 29.1824 3 1 3 768 3.58582 73.2802 146.56 219.84 293.121 
10 21.1385 38.9645 3 3 3 611 4.64434 0 0 0 0 
11 24.2205 35.9593 3 1 1 505 2.22265 986.678 1973.36 2960.03 3946.71 
12 36.4251 37.8054 3 1 1 617 4.76148 264.239 528.477 792.716 1056.95 
13 32.73 28.9115 3 1 1 410 3.16108 207.451 414.903 622.354 829.806 
14 29.9577 21.6111 3 2 1 791 3.28647 871.205 1742.41 2613.62 3484.82 
15 32.6357 29.9691 2 2 2 337 2.87425 0 0 0 0 
16 22.2546 36.201 3 2 2 563 4.61166 405.92 811.841 1217.76 1623.68 
17 27.3281 27.1847 1 1 1 484 3.03066 0 0 0 0 
