idx xloc yloc reus1 reus2 reus3 nonreus servicetime periodic costs(1--3)
0 27.5445 21.1905 1 1 3 484 2.22832 50.4397 100.879 151.319 201.759 
1 36.1503 20.8457 3 1 1 499 4.50913 577.721 1155.44 1733.16 2310.89 
2 29.0105 27.6692 3 2 2 457 4.4443 803.329 1606.66 2409.99 3213.31 
3 25.4546 36.4951 3 2 2 365 4.45743 807.688 1615.38 2423.06 3230.75 
4 24.2342 24.4685 1 2 1 335 4.85602 482.686 965.373 1448.06 1930.75 
5 34.7196 37.6323 2 1 2 772 3.66539 247.368 494.736 742.104 989.472 
6 26.8915 21.1095 1 1 2 628 2.52304 0 0 0 0 
7 27.3692 32.4285 3 1 2 748 2.51063 0 0 0 0 
8 32.1212 32.3519 1 3 1 678 3.92647 122.619 245.238 367.857 490.476 
9 23.9232 26.4367 3 3 3 785 4.49389 595.226 1190.45 1785.68 2380.9 
10 22.4625 28.7594 2 1 1 439 2.91885 766.315 1532.63 2298.94 3065.26 
11 28.453 27.5085 2 1 1 707 2.18198 0 0 0 0 
12 23.616 21.4206 3 3 2 466 3.42021 870.214 1740.43 2610.64 3480.86 
13 22.2198 21.7142 2 2 2 758 2.44175 0 0 0 0 
14 36.8919 31.9974 1 1 1 359 2.34078 292.176 584.353 876.529 1168.71 
15 31.2463 38.2384 3 1 2 447 4.24408 815.771 1631.54 2447.31 3263.08 
16 32.9804 26.8664 1 2 2 625 4.29334 556.624 1113.25 1669.87 2226.5 
17 23.693 27.8623 2 2 3 377 4.82141 71.2082 142.416 213.625 284.833 
