idx xloc yloc reus1 reus2 reus3 nonreus servicetime periodic costs(1--3)
0 26.9744 25.9605 3 1 2 762 2.91937 376.908 753.817 1130.73 1507.63 1884.54 2261.45 2638.36 3015.27 3392.18 
1 39.1178 24.8021 2 2 1 536 4.39408 77.1759 154.352 231.528 308.703 385.879 463.055 540.231 617.407 694.583 
2 24.1045 21.8966 1 3 3 798 4.90656 547.291 1094.58 1641.87 2189.16 2736.46 3283.75 3831.04 4378.33 4925.62 
3 28.0367 35.4805 2 3 1 416 2.32429 209.827 419.653 629.48 839.307 1049.13 1258.96 1468.79 1678.61 1888.44 
4 23.7272 26.1307 1 1 2 564 3.41643 199.207 398.415 597.622 796.83 996.037 1195.24 1394.45 1593.66 1792.87 
5 24.5022 36.326 2 2 3 718 3.5303 914.471 1828.94 2743.41 3657.88 4572.36 5486.83 6401.3 7315.77 8230.24 
6 32.6924 22.018 1 3 3 720 2.34533 0 0 0 0 0 0 0 0 0 
7 35.8824 30.1532 3 1 2 597 3.97886 75.3125 150.625 225.938 301.25 376.563 451.875 527.188 602.5 677.813 
8 22.7282 20.9901 2 1 2 534 4.44414 941.89 1883.78 2825.67 3767.56 4709.45 5651.34 6593.23 7535.12 8477.01 
9 34.2007 29.3195 2 2 3 511 2.02846 428.73 857.461 1286.19 1714.92 2143.65 2572.38 3001.11 3429.84 3858.57 
10 33.9903 33.5911 3 2 2 579 2.82481 0 0 0 0 0 0 0 0 0 
11 25.842 22.4436 1 3 3 528 4.59115 0 0 0 0 0 0 0 0 0 
12 30.9754 30.7399 1 1 2 605 4.67876 940.226 1880.45 2820.68 3760.9 4701.13 5641.36 6581.58 7521.81 8462.03 
13 35.3137 31.5149 3 1 2 742 3.94095 265.73 531.46 797.19 1062.92 1328.65 1594.38 1860.11 2125.84 2391.57 
14 29.1731 28.2988 2 1 2 640 2.88199 899.576 1799.15 2698.73 3598.3 4497.88 5397.45 6297.03 7196.6 8096.18 
15 20.3016 30.5203 2 3 3 758 3.3061 0 0 0 0 0 0 0 0 0 
16 26.0037 33.3265 1 2 1 469 3.3591 654.972 1309.94 1964.92 2619.89 3274.86 3929.83 4584.8 5239.77 5894.75 
17 35.7704 34.2693 2 2 2 522 3.57435 0 0 0 0 0 0 0 0 0 
18 26.6629 21.5108 1 2 3 562 2.07296 0 0 0 0 0 0 0 0 0 
19 23.3973 36.0284 3 3 3 732 2.45795 428.692 857.384 1286.08 1714.77 2143.46 2572.15 3000.84 3429.54 3858.23 
20 39.6765 33.6041 1 3 2 761 3.75221 0 0 0 0 0 0 0 0 0 
21 21.7602 28.467 1 2 2 755 2.18746 516.307 1032.61 1548.92 2065.23 2581.54 3097.84 3614.15 4130.46 4646.77 
22 20.3454 32.6598 1 1 2 489 3.1376 0 0 0 0 0 0 0 0 0 
23 32.1338 34.9565 2 1 2 500 4.01002 904.642 1809.28 2713.92 3618.57 4523.21 5427.85 6332.49 7237.13 8141.77 
24 25.1058 36.1168 2 2 3 600 4.74693 840.417 1680.83 2521.25 3361.67 4202.08 5042.5 5882.92 6723.34 7563.75 
25 28.4119 26.4037 3 1 1 780 4.34554 259.408 518.817 778.225 1037.63 1297.04 1556.45 1815.86 2075.27 2334.67 
26 37.1622 37.8433 1 3 1 587 3.95026 706.161 1412.32 2118.48 2824.64 3530.81 4236.97 4943.13 5649.29 6355.45 
27 32.6779 22.0989 3 2 3 420 3.91605 762.617 1525.23 2287.85 3050.47 3813.08 4575.7 5338.32 6100.94 6863.55 
28 22.5995 32.659 2 3 2 534 3.93504 0 0 0 0 0 0 0 0 0 
