idx xloc yloc reus1 reus2 reus3 nonreus servicetime periodic costs(1--3)
0 20.2584 33.7164 1 2 1 784 2.21758 0 0 0 0 0 0 0 0 0 
1 28.5553 30.0953 2 3 3 609 4.12078 731.145 1462.29 2193.44 2924.58 3655.73 4386.87 5118.02 5849.16 6580.31 
2 31.2272 32.6193 3 3 2 400 3.69384 492.96 985.92 1478.88 1971.84 2464.8 2957.76 3450.72 3943.68 4436.64 
3 37.3646 35.9819 1 3 1 790 2.41995 322.423 644.845 967.268 1289.69 1612.11 1934.54 2256.96 2579.38 2901.8 
4 23.1484 25.9404 3 1 2 660 2.61659 845.154 1690.31 2535.46 3380.61 4225.77 5070.92 5916.07 6761.23 7606.38 
5 33.928 38.6634 2 3 3 704 4.78784 741.659 1483.32 2224.98 2966.63 3708.29 4449.95 5191.61 5933.27 6674.93 
6 25.3871 39.1185 1 3 3 800 4.34586 877.158 1754.32 2631.48 3508.63 4385.79 5262.95 6140.11 7017.27 7894.43 
7 38.2954 31.0934 2 2 1 742 3.00296 954.932 1909.86 2864.8 3819.73 4774.66 5729.59 6684.52 7639.45 8594.39 
8 24.2241 28.7205 3 2 3 644 3.1133 582.495 1164.99 1747.49 2329.98 2912.48 3494.97 4077.47 4659.96 5242.46 
9 20.2847 28.1699 1 2 2 423 2.1321 889.461 1778.92 2668.38 3557.84 4447.3 5336.77 6226.23 7115.69 8005.15 
10 24.5532 31.8816 1 3 2 543 3.12253 165.504 331.009 496.513 662.017 827.521 993.026 1158.53 1324.03 1489.54 
11 28.1278 23.8944 1 2 2 761 3.93643 0 0 0 0 0 0 0 0 0 
12 36.8332 36.2144 3 3 1 516 3.19084 360.524 721.048 1081.57 1442.1 1802.62 2163.14 2523.67 2884.19 3244.72 
13 34.3664 28.2152 3 3 1 800 3.76109 850.576 1701.15 2551.73 3402.3 4252.88 5103.46 5954.03 6804.61 7655.19 
14 29.3425 39.4975 3 3 3 669 3.95824 0 0 0 0 0 0 0 0 0 
15 39.647 35.2467 2 3 3 725 2.61191 561.232 1122.46 1683.7 2244.93 2806.16 3367.39 3928.63 4489.86 5051.09 
16 32.387 27.8184 2 1 1 688 3.10467 830.063 1660.13 2490.19 3320.25 4150.31 4980.38 5810.44 6640.5 7470.56 
17 38.749 21.1841 3 1 2 562 2.06026 82.1843 164.369 246.553 328.737 410.922 493.106 575.29 657.475 739.659 
18 39.7696 33.8351 2 1 3 549 2.50251 327.071 654.142 981.213 1308.28 1635.35 1962.43 2289.5 2616.57 2943.64 
19 34.2064 30.05 2 2 3 673 2.58947 855.329 1710.66 2565.99 3421.32 4276.65 5131.98 5987.31 6842.63 7697.96 
20 28.053 38.2603 1 3 1 451 2.90529 441.082 882.163 1323.25 1764.33 2205.41 2646.49 3087.57 3528.65 3969.74 
21 37.4932 39.0024 2 3 1 472 3.66889 0 0 0 0 0 0 0 0 0 
22 38.4263 38.4126 2 1 1 707 2.95562 0 0 0 0 0 0 0 0 0 
23 26.7796 24.4034 1 1 3 473 2.28111 299.241 598.483 897.724 1196.97 1496.21 1795.45 2094.69 2393.93 2693.17 
24 39.643 33.7528 3 3 1 745 2.30193 0 0 0 0 0 0 0 0 0 
25 21.3545 38.3178 1 2 2 482 2.32122 484.89 969.779 1454.67 1939.56 2424.45 2909.34 3394.23 3879.12 4364.01 
26 27.2722 38.4399 1 3 1 662 3.50469 0 0 0 0 0 0 0 0 0 
27 22.7581 25.5856 3 2 1 436 3.03509 163.838 327.676 491.514 655.351 819.189 983.027 1146.87 1310.7 1474.54 
28 30.675 23.4045 3 2 1 605 3.97897 883.973 1767.95 2651.92 3535.89 4419.87 5303.84 6187.81 7071.79 7955.76 
