idx xloc yloc reus1 reus2 reus3 nonreus servicetime periodic costs(1--3)
0 34.1537 26.6273 1 1 1 473 4.86454 589.289 1178.58 1767.87 2357.16 2946.45 3535.74 4125.03 4714.32 5303.61 
1 23.3998 39.0697 1 1 2 786 4.16871 857.081 1714.16 2571.24 3428.32 4285.4 5142.48 5999.56 6856.64 7713.72 
2 20.2149 33.457 2 3 2 555 4.0074 451.98 903.96 1355.94 1807.92 2259.9 2711.88 3163.86 3615.84 4067.82 
3 32.2873 29.543 2 1 3 743 2.5319 102.38 204.76 307.141 409.521 511.901 614.281 716.661 819.041 921.422 
4 29.1676 35.0137 3 1 1 723 4.04143 304.218 608.436 912.653 1216.87 1521.09 1825.31 2129.52 2433.74 2737.96 
5 27.3294 29.2743 1 3 1 527 2.79221 0 0 0 0 0 0 0 0 0 
6 34.4073 20.4677 1 3 2 524 2.99759 921.48 1842.96 2764.44 3685.92 4607.4 5528.88 6450.36 7371.84 8293.32 
7 25.6129 32.2996 3 2 2 517 2.70901 964.308 1928.62 2892.92 3857.23 4821.54 5785.85 6750.15 7714.46 8678.77 
8 32.5406 24.0381 2 1 2 522 3.44745 783.722 1567.44 2351.17 3134.89 3918.61 4702.33 5486.05 6269.78 7053.5 
9 34.9696 30.786 3 3 1 405 4.37359 253.141 506.281 759.422 1012.56 1265.7 1518.84 1771.98 2025.12 2278.27 
10 36.6272 23.7463 3 1 2 602 4.08574 0 0 0 0 0 0 0 0 0 
11 20.2992 32.8526 2 3 2 444 4.68212 357.957 715.913 1073.87 1431.83 1789.78 2147.74 2505.7 2863.65 3221.61 
12 32.041 39.5445 3 2 2 419 3.01035 114.115 228.23 342.345 456.46 570.575 684.689 798.804 912.919 1027.03 
13 21.1463 24.8041 2 2 2 419 3.20893 0 0 0 0 0 0 0 0 0 
14 23.5966 23.3404 2 1 1 674 2.16345 414.37 828.739 1243.11 1657.48 2071.85 2486.22 2900.59 3314.96 3729.33 
15 33.3043 26.1381 1 3 1 658 2.54415 304.713 609.425 914.138 1218.85 1523.56 1828.28 2132.99 2437.7 2742.41 
16 35.6731 21.2287 3 2 3 713 3.21728 983.962 1967.92 2951.88 3935.85 4919.81 5903.77 6887.73 7871.69 8855.65 
17 24.0645 38.5447 2 1 1 433 4.98613 971.983 1943.97 2915.95 3887.93 4859.91 5831.9 6803.88 7775.86 8747.84 
18 28.2423 24.4722 2 1 1 708 3.60689 246.125 492.251 738.376 984.502 1230.63 1476.75 1722.88 1969 2215.13 
19 23.1061 31.1488 1 3 3 522 2.39298 594.683 1189.37 1784.05 2378.73 2973.42 3568.1 4162.78 4757.47 5352.15 
20 26.6703 25.8555 2 1 3 695 3.4486 343.798 687.596 1031.39 1375.19 1718.99 2062.79 2406.59 2750.38 3094.18 
21 35.2396 33.1221 2 1 2 650 2.19806 713.25 1426.5 2139.75 2853 3566.25 4279.5 4992.75 5706 6419.25 
22 23.3155 38.3101 1 1 3 448 3.58207 678.189 1356.38 2034.57 2712.76 3390.95 4069.13 4747.32 5425.51 6103.7 
23 34.8978 34.3875 1 3 1 499 3.97037 79.4105 158.821 238.231 317.642 397.052 476.463 555.873 635.284 714.694 
24 29.6047 29.3021 2 1 3 608 3.00242 504.019 1008.04 1512.06 2016.08 2520.1 3024.12 3528.14 4032.16 4536.18 
25 24.3963 22.0569 2 2 2 631 2.62674 900.711 1801.42 2702.13 3602.85 4503.56 5404.27 6304.98 7205.69 8106.4 
26 29.9567 25.4743 1 1 1 632 3.14772 214.653 429.306 643.96 858.613 1073.27 1287.92 1502.57 1717.23 1931.88 
27 29.5439 37.5678 1 3 3 554 3.29391 590.303 1180.61 1770.91 2361.21 2951.52 3541.82 4132.12 4722.43 5312.73 
28 23.8524 31.1651 2 1 1 781 4.29154 538.24 1076.48 1614.72 2152.96 2691.2 3229.44 3767.68 4305.92 4844.16 
