idx xloc yloc reus1 reus2 reus3 nonreus servicetime periodic costs(1--3)
0 35.1901 38.9227 3 2 2 483 2.12236 603.367 1206.73 1810.1 
1 22.6896 32.077 1 2 1 562 4.0079 415.756 831.513 1247.27 
2 20.7144 32.3514 1 3 3 512 4.54108 707.699 1415.4 2123.1 
3 33.5962 28.2233 2 2 1 775 2.5439 995.101 1990.2 2985.3 
4 39.9043 24.9441 2 3 1 709 2.40706 592.439 1184.88 1777.32 
5 28.6585 39.6867 1 1 2 456 4.67727 267.929 535.857 803.786 
6 35.2192 22.1227 2 2 1 744 4.28708 674.308 1348.62 2022.92 
7 34.6681 30.6091 2 2 1 339 2.35736 635.553 1271.11 1906.66 
8 39.8323 22.9929 1 3 2 524 4.16637 298.129 596.258 894.387 
9 34.5942 28.826 1 1 2 703 2.41076 455.533 911.067 1366.6 
