idx xloc yloc reus1 reus2 reus3 nonreus servicetime periodic costs(1--3)
0 26.7897 29.2935 3 2 1 596 4.83293 341.091 682.181 1023.27 
1 20.1595 32.7622 1 2 1 740 4.66185 0 0 0 
2 31.2667 38.93 3 2 3 692 3.919 135.198 270.396 405.595 
3 27.9594 31.1951 3 1 2 330 2.9665 565.382 1130.76 1696.15 
4 28.1196 22.1358 1 2 2 474 3.85301 322.752 645.505 968.257 
5 36.4184 32.4607 1 2 3 557 2.16496 615.326 1230.65 1845.98 
6 33.6846 26.2905 3 2 1 444 3.60629 147.47 294.94 442.411 
7 30.2608 36.4142 2 3 1 417 3.4179 758.691 1517.38 2276.07 
8 22.5524 32.3176 3 2 3 349 3.20112 230.738 461.476 692.215 
9 33.8388 20.1099 2 2 3 686 2.47952 0 0 0 
