idx xloc yloc reus1 reus2 reus3 nonreus servicetime periodic costs(1--3)
0 33.6877 34.0652 2 2 1 427 3.69138 924.87 1849.74 2774.61 
1 37.5615 39.8543 3 2 2 346 2.87886 142.635 285.269 427.904 
2 28.4921 35.8984 1 3 2 683 2.39572 0 0 0 
3 31.3801 33.1844 1 3 2 529 2.80297 0 0 0 
4 33.5061 20.2362 3 2 3 390 4.00828 633.647 1267.29 1900.94 
5 28.6608 33.5897 1 2 1 448 4.67729 0 0 0 
6 31.6187 25.0295 3 3 3 501 2.09112 987.31 1974.62 2961.93 
7 23.517 34.0112 2 3 2 490 3.31935 0 0 0 
8 39.47 39.0948 2 3 2 308 2.60168 596.561 1193.12 1789.68 
9 21.8519 28.3372 1 3 3 526 4.66147 436.084 872.168 1308.25 
